WebSocket server error: Port 24678 is already in use
THREE.WARNING: Multiple instances of Three.js being imported.
Box3D: WARNING: complex mesh detected, triangle buffer capacity of 256 reached
JOINTTYPES {"1":265,"4":13,"5":6,"7":7926} filter 0
  mode plain  40 awake 3406 knocked 0
  mode plain  80 awake 3395 knocked 0
  mode plain  120 awake 3382 knocked 0
  mode plain  160 awake 3377 knocked 0
  mode plain  200 awake 3410 knocked 0
  mode plain  240 awake 3388 knocked 0
  mode plain  280 awake 3397 knocked 0
  mode plain  320 awake 3410 knocked 0
  mode plain  360 awake 3821 knocked 0
  mode plain  400 awake 4067 knocked 0
  mode plain  440 awake 3685 knocked 0
  mode plain  480 awake 3729 knocked 0
  mode plain  520 awake 3656 knocked 0
  mode plain  560 awake 3648 knocked 0
  mode plain  600 awake 3641 knocked 0
STEPLOG [[561,0,0,0,0,0],[548,0,0,0,0,0],[545,0,0,0,0,0],[550,0,0,0,0,0],[530,0,0,0,0,0],[532,0,0,0,0,0],[522,0,0,0,0,0],[498,0,0,0,0,0],[479,0,0,0,0,0],[453,0,0,0,0,0],[456,0,0,0,0,0],[429,0,0,0,0,0],[421,0,0,0,0,0],[436,0,0,0,0,0],[431,0,0,0,0,0],[435,0,0,0,0,0],[420,0,0,0,0,0],[415,0,0,0,0,0],[457,0,0,0,0,0],[476,0,0,0,0,0],[573,0,0,0,0,0],[652,0,0,0,0,0],[681,0,0,0,0,0],[671,0,0,0,0,0],[632,0,0,0,0,0],[583,0,0,0,0,0],[555,0,0,0,0,0],[547,0,0,0,0,0],[512,0,0,0,0,0],[515,0,0,0,0,0],[493,0,0,0,0,0],[471,0,0,0,0,0],[455,0,0,0,0,0],[448,0,0,0,0,0],[431,0,0,0,0,0],[411,0,0,0,0,0],[428,0,0,0,0,0],[445,0,0,0,0,0],[441,0,0,0,0,0],[454,0,0,0,0,0],[395,0,0,0,0,0],[409,0,0,0,0,0],[391,0,0,0,0,0],[430,0,0,0,0,0],[463,0,0,0,0,0],[469,0,0,0,0,0],[486,0,0,0,0,0],[489,0,0,0,0,0],[517,0,0,0,0,0],[480,0,0,0,0,0],[495,0,0,0,0,0],[456,0,0,0,0,0],[463,0,0,0,0,0],[451,0,0,0,0,0],[462,0,0,0,0,0],[456,0,0,0,0,0],[461,0,0,0,0,0],[459,0,0,0,0,0],[461,0,0,0,0,0],[420,0,0,0,0,0],[403,0,0,0,0,0],[372,0,0,0,0,0],[322,0,0,0,0,0],[303,0,0,0,0,0],[324,0,0,0,0,0],[304,0,0,0,0,0],[283,0,0,0,0,0],[289,0,0,0,0,0],[278,0,0,0,0,0],[276,0,0,0,0,0],[270,0,0,0,0,0],[244,0,0,0,0,0],[250,0,0,0,0,0],[269,0,0,0,0,0],[258,0,0,0,0,0],[256,0,0,0,0,0],[254,0,0,0,0,0],[234,0,0,0,0,0],[250,0,0,0,0,0],[257,0,0,0,0,0],[248,0,0,0,0,0],[280,0,0,0,0,0],[283,0,0,0,0,0],[298,0,0,0,0,0],[305,0,0,0,0,0],[314,0,0,0,0,0],[326,0,0,0,0,0],[303,0,0,0,0,0],[334,0,0,0,0,0],[326,0,0,0,0,0],[297,0,0,0,0,0],[318,0,0,0,0,0],[328,0,0,0,0,0],[329,0,0,0,0,0],[332,0,0,0,0,0],[296,0,0,0,0,0],[246,0,0,0,0,0],[254,0,0,0,0,0],[240,0,0,0,0,0],[228,0,0,0,0,0],[206,0,0,0,0,0],[192,0,0,0,0,0],[267,0,0,0,0,0],[325,0,0,0,0,0],[364,0,0,0,0,0],[346,0,0,0,0,0],[309,0,0,0,0,0],[281,0,0,0,0,0],[268,0,0,0,0,0],[247,0,0,0,0,0],[245,0,0,0,0,0],[237,0,0,0,0,0],[244,0,0,0,0,0],[236,0,0,0,0,0],[280,0,0,0,0,0],[283,0,0,0,0,0],[286,0,0,0,0,0],[255,0,0,0,0,0],[248,0,0,0,0,0],[255,0,0,0,0,0],[235,0,0,0,0,0],[207,0,0,0,0,0],[184,0,0,0,0,0],[159,0,0,0,0,0],[154,0,0,0,0,0],[130,0,0,0,0,0],[130,0,0,0,0,0],[180,0,0,0,0,0],[166,0,0,0,0,0],[167,0,0,0,0,0],[174,0,0,0,0,0],[164,0,0,0,0,0],[142,0,0,0,0,0],[118,0,0,0,0,0],[135,0,0,0,0,0],[127,0,0,0,0,0],[133,0,0,0,0,0],[137,0,0,0,0,0],[151,0,0,0,0,0],[183,0,0,0,0,0],[190,0,0,0,0,0],[257,0,0,0,0,0],[250,0,0,0,0,0],[278,0,0,0,0,0],[235,0,0,0,0,0],[256,0,0,0,0,0],[257,0,0,0,0,0],[259,0,0,0,0,0],[274,0,0,0,0,0],[286,0,0,0,0,0],[284,0,0,0,0,0],[307,0,0,0,0,0],[303,0,0,0,0,0],[335,0,0,0,0,0],[322,0,0,0,0,0],[293,0,0,0,0,0],[270,0,0,0,0,0],[258,0,0,0,0,0],[226,0,0,0,0,0],[207,0,0,0,0,0],[193,0,0,0,0,0],[182,0,0,0,0,0],[183,0,0,0,0,0],[213,0,0,0,0,0],[189,0,0,0,0,0],[201,0,0,0,0,0],[194,0,0,0,0,0],[195,0,0,0,0,0],[190,0,0,0,0,0],[190,0,0,0,0,0],[179,0,0,0,0,0],[201,0,0,0,0,0],[226,0,0,0,0,0],[202,0,0,0,0,0],[182,0,0,0,0,0],[192,0,0,0,0,0],[189,0,0,0,0,0],[267,0,0,0,0,0],[305,0,0,0,0,0],[324,0,0,0,0,0],[303,0,0,0,0,0],[351,0,0,0,0,0],[383,0,0,0,0,0],[376,0,0,0,0,0],[387,0,0,0,0,0],[382,0,0,0,0,0],[365,0,0,0,0,0],[387,0,0,0,0,0],[368,0,0,0,0,0],[357,0,0,0,0,0],[325,0,0,0,0,0],[308,0,0,0,0,0],[303,0,0,0,0,0],[276,0,0,0,0,0],[273,0,0,0,0,0],[271,0,0,0,0,0],[279,0,0,0,0,0],[312,0,0,0,0,0],[280,0,0,0,0,0],[252,0,0,0,0,0],[256,0,0,0,0,0],[238,0,0,0,0,0],[224,0,0,0,0,0],[244,0,0,0,0,0],[225,0,0,0,0,0],[234,0,0,0,0,0],[226,0,0,0,0,0],[263,0,0,0,0,0],[261,0,0,0,0,0],[271,0,0,0,0,0],[267,0,0,0,0,0],[257,0,0,0,0,0],[250,0,0,0,0,0],[242,0,0,0,0,0],[251,0,0,0,0,0],[277,0,0,0,0,0],[270,0,0,0,0,0],[255,0,0,0,0,0],[246,0,0,0,0,0],[241,0,0,0,0,0],[229,0,0,0,0,0],[226,0,0,0,0,0],[196,0,0,0,0,0],[198,0,0,0,0,0],[201,0,0,0,0,0],[232,0,0,0,0,0],[240,0,0,0,0,0],[246,0,0,0,0,0],[243,0,0,0,0,0],[243,0,0,0,0,0],[248,0,0,0,0,0],[238,0,0,0,0,0],[252,0,0,0,0,0],[302,0,0,0,0,0],[296,0,0,0,0,0],[321,0,0,0,0,0],[329,0,0,0,0,0],[311,0,0,0,0,0],[297,0,0,0,0,0],[284,0,0,0,0,0],[256,0,0,0,0,0],[255,0,0,0,0,0],[254,0,0,0,0,0],[242,0,0,0,0,0],[244,0,0,0,0,0],[261,0,0,0,0,0],[276,0,0,0,0,0],[251,0,0,0,0,0],[238,0,0,0,0,0],[230,0,0,0,0,0],[216,0,0,0,0,0],[219,0,0,0,0,0],[214,0,0,0,0,0],[230,0,0,0,0,0],[222,0,0,0,0,0],[209,0,0,0,0,0],[334,0,0,0,0,0],[407,0,0,0,0,0],[518,0,0,0,0,0],[602,0,0,0,0,0],[606,0,0,0,0,0],[596,0,0,0,0,0],[565,0,0,0,0,0],[575,0,0,0,0,0],[588,0,0,0,0,0],[547,0,0,0,0,0],[492,0,0,0,0,0],[454,0,0,0,0,0],[404,0,0,0,0,0],[407,0,0,0,0,0],[349,0,0,0,0,0],[348,0,0,0,0,0],[329,0,0,0,0,0],[286,0,0,0,0,0],[312,0,0,0,0,0],[308,0,0,0,0,0],[345,0,0,0,0,0],[356,0,0,0,0,0],[363,0,0,0,0,0],[346,0,0,0,0,0],[314,0,0,0,0,0],[310,0,0,0,0,0],[311,0,0,0,0,0],[321,0,0,0,0,0],[305,0,0,0,0,0],[305,0,0,0,0,0],[306,0,0,0,0,0],[285,0,0,0,0,0],[263,0,0,0,0,0],[413,0,0,0,0,0],[452,0,0,0,0,0],[445,0,0,0,0,0],[482,0,0,0,0,0],[476,0,0,0,0,0],[464,0,0,0,0,0],[476,0,0,0,0,0],[493,0,0,0,0,0],[477,0,0,0,0,0],[473,0,0,0,0,0],[453,0,0,0,0,0],[445,0,0,0,0,0],[447,0,0,0,0,0],[426,0,0,0,0,0],[424,0,0,0,0,0],[426,0,0,0,0,0],[434,0,0,0,0,0],[413,0,0,0,0,0],[431,0,0,0,0,0],[430,0,0,0,0,0],[416,0,0,0,0,0],[392,0,0,0,0,0],[387,0,0,0,0,0],[354,0,0,0,0,0],[328,0,0,0,0,0],[315,0,0,0,0,0],[311,0,0,0,0,0],[282,0,0,0,0,0],[274,0,0,0,0,0],[244,0,0,0,0,0],[237,0,0,0,0,0],[243,0,0,0,0,0],[242,0,0,0,0,0],[229,0,0,0,0,0],[258,0,0,0,0,0],[238,0,0,0,0,0],[303,0,0,0,0,0],[291,0,0,0,0,0],[386,0,0,0,0,0],[392,0,0,0,0,0],[426,0,0,0,0,0],[411,0,0,0,0,0],[419,0,0,0,0,0],[405,0,0,0,0,0],[391,0,0,0,0,0],[391,0,0,0,0,0],[363,0,0,0,0,0],[355,0,0,0,0,0],[340,0,0,0,0,0],[329,0,0,0,0,0],[310,0,0,0,0,0],[325,0,0,0,0,0],[310,0,0,0,0,0],[312,0,0,0,0,0],[286,0,0,0,0,0],[288,0,0,0,0,0],[281,0,0,0,0,0],[277,0,0,0,0,0],[275,0,0,0,0,0],[282,0,0,0,0,0],[285,0,0,0,0,0],[282,0,0,0,0,0],[305,0,0,0,0,0],[317,0,0,0,0,0],[300,0,0,0,0,0],[311,0,0,0,0,0],[311,0,0,0,0,0],[297,0,0,0,0,0],[291,0,0,0,0,0],[289,0,0,0,0,0],[288,0,0,0,0,0],[289,0,0,0,0,0],[284,0,0,0,0,0],[283,0,0,0,0,0],[247,0,0,0,0,0],[238,0,0,0,0,0],[230,0,0,0,0,0],[227,0,0,0,0,0],[230,0,0,0,0,0],[212,0,0,0,0,0],[209,0,0,0,0,0],[230,0,0,0,0,0],[230,0,0,0,0,0],[219,0,0,0,0,0],[186,0,0,0,0,0],[183,0,0,0,0,0],[165,0,0,0,0,0],[181,0,0,0,0,0],[158,0,0,0,0,0],[161,0,0,0,0,0],[151,0,0,0,0,0],[143,0,0,0,0,0],[130,0,0,0,0,0],[157,0,0,0,0,0],[154,0,0,0,0,0],[166,0,0,0,0,0],[171,0,0,0,0,0],[175,0,0,0,0,0],[178,0,0,0,0,0],[224,0,0,0,0,0],[230,0,0,0,0,0],[227,0,0,0,0,0],[208,0,0,0,0,0],[205,0,0,0,0,0],[224,0,0,0,0,0],[209,0,0,0,0,0],[226,0,0,0,0,0],[225,0,0,0,0,0],[225,0,0,0,0,0],[222,0,0,0,0,0],[230,0,0,0,0,0],[224,0,0,0,0,0],[215,0,0,0,0,0],[215,0,0,0,0,0],[207,0,0,0,0,0],[218,0,0,0,0,0],[217,0,0,0,0,0],[208,0,0,0,0,0],[222,0,0,0,0,0],[223,0,0,0,0,0],[217,0,0,0,0,0],[224,0,0,0,0,0],[218,0,0,0,0,0],[214,0,0,0,0,0],[257,0,0,0,0,0],[263,0,0,0,0,0],[316,0,0,0,0,0],[340,0,0,0,0,0],[347,0,0,0,0,0],[327,0,0,0,0,0],[313,0,0,0,0,0],[305,0,0,0,0,0],[302,0,0,0,0,0],[291,0,0,0,0,0],[254,0,0,0,0,0],[248,0,0,0,0,0],[280,0,0,0,0,0],[289,0,0,0,0,0],[306,0,0,0,0,0],[293,0,0,0,0,0],[293,0,0,0,0,0],[287,0,0,0,0,0],[354,0,0,0,0,0],[357,0,0,0,0,0],[360,0,0,0,0,0],[362,0,0,0,0,0],[354,0,0,0,0,0],[349,0,0,0,0,0],[313,0,0,0,0,0],[305,0,0,0,0,0],[307,0,0,0,0,0],[300,0,0,0,0,0],[267,0,0,0,0,0],[243,0,0,0,0,0],[250,0,0,0,0,0],[249,0,0,0,0,0],[236,0,0,0,0,0],[223,0,0,0,0,0],[225,0,0,0,0,0],[207,0,0,0,0,0],[218,0,0,0,0,0],[206,0,0,0,0,0],[212,0,0,0,0,0],[219,0,0,0,0,0],[219,0,0,0,0,0],[230,0,0,0,0,0],[254,0,0,0,0,0],[256,0,0,0,0,0],[266,0,0,0,0,0],[276,0,0,0,0,0],[317,0,0,0,0,0],[287,0,0,0,0,0],[294,0,0,0,0,0],[288,0,0,0,0,0],[304,0,0,0,0,0],[334,0,0,0,0,0],[323,0,0,0,0,0],[276,0,0,0,0,0],[270,0,0,0,0,0],[305,0,0,0,0,0],[278,0,0,0,0,0],[279,0,0,0,0,0],[267,0,0,0,0,0],[249,0,0,0,0,0],[243,0,0,0,0,0],[246,0,0,0,0,0],[268,0,0,0,0,0],[263,0,0,0,0,0],[245,0,0,0,0,0],[240,0,0,0,0,0],[235,0,0,0,0,0],[234,0,0,0,0,0],[241,0,0,0,0,0],[237,0,0,0,0,0],[220,0,0,0,0,0],[224,0,0,0,0,0],[211,0,0,0,0,0],[235,0,0,0,0,0],[230,0,0,0,0,0],[228,0,0,0,0,0],[219,0,0,0,0,0],[246,0,0,0,0,0],[236,0,0,0,0,0],[216,0,0,0,0,0],[208,0,0,0,0,0],[220,0,0,0,0,0],[211,0,0,0,0,0],[201,0,0,0,0,0],[196,0,0,0,0,0],[195,0,0,0,0,0],[237,0,0,0,0,0],[269,0,0,0,0,0],[269,0,0,0,0,0],[299,0,0,0,0,0],[322,0,0,0,0,0],[301,0,0,0,0,0],[278,0,0,0,0,0],[268,0,0,0,0,0],[264,0,0,0,0,0],[265,0,0,0,0,0],[261,0,0,0,0,0],[258,0,0,0,0,0],[250,0,0,0,0,0],[251,0,0,0,0,0],[237,0,0,0,0,0],[257,0,0,0,0,0],[235,0,0,0,0,0],[213,0,0,0,0,0],[217,0,0,0,0,0],[214,0,0,0,0,0],[199,0,0,0,0,0],[198,0,0,0,0,0],[191,0,0,0,0,0],[188,0,0,0,0,0],[188,0,0,0,0,0],[180,0,0,0,0,0],[168,0,0,0,0,0],[172,0,0,0,0,0],[176,0,0,0,0,0],[169,0,0,0,0,0],[160,0,0,0,0,0],[154,0,0,0,0,0],[159,0,0,0,0,0],[174,0,0,0,0,0],[170,0,0,0,0,0],[155,0,0,0,0,0],[144,0,0,0,0,0],[141,0,0,0,0,0],[129,0,0,0,0,0],[139,0,0,0,0,0],[137,0,0,0,0,0],[131,0,0,0,0,0],[130,0,0,0,0,0],[142,0,0,0,0,0],[141,0,0,0,0,0],[139,0,0,0,0,0],[145,0,0,0,0,0],[134,0,0,0,0,0],[131,0,0,0,0,0],[132,0,0,0,0,0],[150,0,0,0,0,0],[161,0,0,0,0,0],[185,0,0,0,0,0],[192,0,0,0,0,0],[195,0,0,0,0,0],[185,0,0,0,0,0],[181,0,0,0,0,0],[189,0,0,0,0,0],[180,0,0,0,0,0],[170,0,0,0,0,0],[167,0,0,0,0,0],[159,0,0,0,0,0],[145,0,0,0,0,0],[158,0,0,0,0,0],[154,0,0,0,0,0],[146,0,0,0,0,0],[146,0,0,0,0,0],[147,0,0,0,0,0],[140,0,0,0,0,0],[149,0,0,0,0,0],[139,0,0,0,0,0],[133,0,0,0,0,0],[136,0,0,0,0,0],[138,0,0,0,0,0],[143,0,0,0,0,0],[147,0,0,0,0,0],[161,0,0,0,0,0],[152,0,0,0,0,0],[148,0,0,0,0,0],[151,0,0,0,0,0],[147,0,0,0,0,0],[148,0,0,0,0,0],[149,0,0,0,0,0],[149,0,0,0,0,0],[147,0,0,0,0,0],[136,0,0,0,0,0],[130,0,0,0,0,0],[134,0,0,0,0,0],[126,0,0,0,0,0],[116,0,0,0,0,0],[117,0,0,0,0,0],[113,0,0,0,0,0],[119,0,0,0,0,0],[123,0,0,0,0,0],[123,0,0,0,0,0],[133,0,0,0,0,0],[128,0,0,0,0,0],[134,0,0,0,0,0],[127,0,0,0,0,0],[126,0,0,0,0,0],[124,0,0,0,0,0]]
OVERAVG 281.6066666666667 distinct 3239
KEEPERS [{"id":2347,"n":590,"max":17.1,"mat":"castiron","welds":0,"burning":false,"char":0,"dem":true,"vol":0.272,"y":22.87,"type":{},"net":5.833,"path":7.683,"jt":"1","ropes":1,"rebars":0,"hinged":false,"buried":0,"joints":1,"temp":20,"heatK":1,"thr":0.07,"x":-16.1,"z":-65.9,"frag":0},{"id":8831,"n":505,"max":1343.9,"mat":"steel","welds":0,"burning":false,"char":0,"dem":true,"vol":0.004,"y":1.04,"type":{},"net":0.265,"path":1.196,"jt":"","ropes":0,"rebars":0,"hinged":false,"buried":0,"joints":0,"temp":20,"heatK":1,"thr":0.05,"x":-71.4,"z":-65.5,"frag":0},{"id":11900,"n":495,"max":180.6,"mat":"steel","welds":0,"burning":false,"char":0,"dem":true,"vol":0.196,"y":-2.34,"type":{},"net":1.269,"path":2.27,"jt":"","ropes":0,"rebars":0,"hinged":false,"buried":0,"joints":0,"temp":26,"heatK":1,"thr":0.05,"x":-58,"z":-11.9,"frag":0},{"id":9225,"n":486,"max":632.7,"mat":"steel","welds":0,"burning":false,"char":0,"dem":true,"vol":0.004,"y":2.05,"type":{},"net":0.069,"path":2.012,"jt":"","ropes":0,"rebars":0,"hinged":false,"buried":0,"joints":0,"temp":20,"heatK":1,"thr":0.4,"x":-70.6,"z":-66.8,"frag":0},{"id":5724,"n":485,"max":7.5,"mat":"rconcrete","welds":0,"burning":false,"char":0,"dem":true,"vol":1.399,"y":-2.06,"type":{},"net":0.149,"path":0.493,"jt":"1,1","ropes":0,"rebars":2,"hinged":false,"buried":0,"joints":2,"temp":182,"heatK":1,"thr":0.07,"x":-54.5,"z":-56.6,"frag":1},{"id":8610,"n":482,"max":10.9,"mat":"steel","welds":0,"burning":false,"char":0,"dem":true,"vol":0.004,"y":0.22,"type":{},"net":0.002,"path":0.121,"jt":"","ropes":0,"rebars":0,"hinged":false,"buried":0,"joints":0,"temp":42,"heatK":1,"thr":0.4,"x":-53.9,"z":-79.3,"frag":0},{"id":9223,"n":479,"max":48.5,"mat":"steel","welds":0,"burning":false,"char":0,"dem":true,"vol":0.004,"y":3.31,"type":{},"net":0.135,"path":0.907,"jt":"","ropes":0,"rebars":0,"hinged":false,"buried":0,"joints":0,"temp":490,"heatK":0.82,"thr":0.4,"x":-47.9,"z":-53.3,"frag":0},{"id":9600,"n":468,"max":406.2,"mat":"steel","welds":0,"burning":false,"char":0,"dem":true,"vol":0.004,"y":4.62,"type":{},"net":0.06,"path":0.476,"jt":"","ropes":0,"rebars":0,"hinged":false,"buried":0,"joints":0,"temp":32,"heatK":1,"thr":0.4,"x":-51.9,"z":-67.6,"frag":0},{"id":8547,"n":448,"max":76.2,"mat":"steel","welds":0,"burning":false,"char":0,"dem":true,"vol":0.004,"y":1.11,"type":{},"net":0.036,"path":0.367,"jt":"","ropes":0,"rebars":0,"hinged":false,"buried":0,"joints":0,"temp":34,"heatK":1,"thr":0.4,"x":-54,"z":-74.9,"frag":0},{"id":11138,"n":448,"max":103.8,"mat":"tempered","welds":0,"burning":false,"char":0,"dem":true,"vol":0.506,"y":-2.31,"type":{},"net":0.322,"path":1.217,"jt":"","ropes":0,"rebars":0,"hinged":false,"buried":0,"joints":0,"temp":20,"heatK":1,"thr":0.4,"x":-55.4,"z":-11.9,"frag":1},{"id":8924,"n":446,"max":3.6,"mat":"rconcrete","welds":0,"burning":false,"char":0,"dem":true,"vol":0.832,"y":0.62,"type":{},"net":0.11,"path":0.517,"jt":"1","ropes":0,"rebars":1,"hinged":false,"buried":0,"joints":1,"temp":21,"heatK":1,"thr":0.07,"x":-62.5,"z":-82,"frag":1},{"id":7029,"n":436,"max":354.2,"mat":"steel","welds":0,"burning":false,"char":0,"dem":true,"vol":0.004,"y":0.8,"type":{},"net":0.249,"path":1.366,"jt":"","ropes":0,"rebars":0,"hinged":false,"buried":0,"joints":0,"temp":22,"heatK":1,"thr":0.1,"x":-69.4,"z":-58.4,"frag":0},{"id":7917,"n":431,"max":2.8,"mat":"aluminum","welds":0,"burning":false,"char":0,"dem":true,"vol":1.064,"y":0.37,"type":{},"net":0.092,"path":0.644,"jt":"","ropes":0,"rebars":0,"hinged":false,"buried":0,"joints":0,"temp":21,"heatK":1,"thr":0.4,"x":-59.6,"z":-88.2,"frag":0},{"id":10775,"n":422,"max":683.8,"mat":"steel","welds":0,"burning":false,"char":0,"dem":true,"vol":0.004,"y":5.13,"type":{},"net":0.179,"path":0.338,"jt":"","ropes":0,"rebars":0,"hinged":false,"buried":0,"joints":0,"temp":588,"heatK":0.48,"thr":0.4,"x":-63.5,"z":-43.3,"frag":0},{"id":9745,"n":421,"max":585.4,"mat":"steel","welds":0,"burning":false,"char":0,"dem":true,"vol":0.004,"y":2.02,"type":{},"net":0.115,"path":0.883,"jt":"","ropes":0,"rebars":0,"hinged":false,"buried":0,"joints":0,"temp":20,"heatK":1,"thr":0.4,"x":-73.6,"z":-47.7,"frag":0},{"id":9643,"n":419,"max":1156.2,"mat":"steel","welds":0,"burning":false,"char":0,"dem":true,"vol":0.004,"y":1.47,"type":{},"net":0.506,"path":0.828,"jt":"","ropes":0,"rebars":0,"hinged":false,"buried":0,"joints":0,"temp":416,"heatK":0.94,"thr":0.05,"x":-50,"z":-43.6,"frag":0},{"id":10490,"n":400,"max":126.5,"mat":"steel","welds":0,"burning":false,"char":0,"dem":true,"vol":0.004,"y":3.17,"type":{},"net":0.416,"path":0.522,"jt":"","ropes":0,"rebars":0,"hinged":false,"buried":0,"joints":0,"temp":20,"heatK":1,"thr":0.4,"x":-77.3,"z":-65.1,"frag":0},{"id":9604,"n":398,"max":263.7,"mat":"steel","welds":0,"burning":false,"char":0,"dem":true,"vol":0.004,"y":1.76,"type":{},"net":0.091,"path":0.373,"jt":"","ropes":0,"rebars":0,"hinged":false,"buried":0,"joints":0,"temp":20,"heatK":1,"thr":0.4,"x":-70.9,"z":-44.1,"frag":0},{"id":10546,"n":398,"max":74.7,"mat":"steel","welds":0,"burning":false,"char":0,"dem":true,"vol":0.004,"y":0.9,"type":{},"net":0.03,"path":0.377,"jt":"","ropes":0,"rebars":0,"hinged":false,"buried":0,"joints":0,"temp":20,"heatK":1,"thr":0.4,"x":-73,"z":-45.9,"frag":0},{"id":14020,"n":398,"max":98.3,"mat":"stone","welds":0,"burning":false,"char":0,"dem":true,"vol":0.755,"y":-1.96,"type":{},"net":1.24,"path":1.786,"jt":"","ropes":0,"rebars":0,"hinged":false,"buried":0,"joints":0,"temp":20,"heatK":1,"thr":0.07,"x":-52.8,"z":-12.7,"frag":1},{"id":10692,"n":394,"max":89,"mat":"steel","welds":0,"burning":false,"char":0,"dem":true,"vol":0.391,"y":-1.83,"type":{},"net":2.702,"path":3.807,"jt":"","ropes":0,"rebars":0,"hinged":false,"buried":0,"joints":0,"temp":20,"heatK":1,"thr":0.07,"x":-51.2,"z":-12.3,"frag":0},{"id":11149,"n":379,"max":116.3,"mat":"tempered","welds":0,"burning":false,"char":0,"dem":true,"vol":0.521,"y":-2.33,"type":{},"net":0.348,"path":2.479,"jt":"","ropes":0,"rebars":0,"hinged":false,"buried":0,"joints":0,"temp":36,"heatK":1,"thr":0.07,"x":-59.4,"z":-5.8,"frag":1},{"id":7136,"n":372,"max":1975.9,"mat":"steel","welds":0,"burning":false,"char":0,"dem":true,"vol":0.004,"y":1.92,"type":{},"net":0.118,"path":0.842,"jt":"","ropes":0,"rebars":0,"hinged":false,"buried":0,"joints":0,"temp":413,"heatK":0.98,"thr":0.4,"x":-47.7,"z":-54.8,"frag":0},{"id":13416,"n":371,"max":28.7,"mat":"rconcrete","welds":0,"burning":false,"char":0,"dem":true,"vol":1.543,"y":-2.48,"type":{},"net":0.306,"path":2.304,"jt":"","ropes":0,"rebars":0,"hinged":false,"buried":0,"joints":0,"temp":48,"heatK":1,"thr":0.4,"x":-66,"z":-40.6,"frag":1},{"id":7996,"n":370,"max":9.4,"mat":"aluminum","welds":0,"burning":false,"char":0,"dem":true,"vol":6.309,"y":0.18,"type":{},"net":0.002,"path":0.544,"jt":"","ropes":0,"rebars":0,"hinged":false,"buried":0,"joints":0,"temp":59,"heatK":0.98,"thr":0.4,"x":-65.8,"z":-83.1,"frag":0},{"id":7063,"n":367,"max":101.9,"mat":"rconcrete","welds":0,"burning":false,"char":0,"dem":false,"vol":2.838,"y":-3.55,"type":{},"net":0.075,"path":1.235,"jt":"","ropes":0,"rebars":0,"hinged":false,"buried":0,"joints":0,"temp":63,"heatK":1,"thr":0.4,"x":-63.5,"z":-40.7,"frag":1},{"id":8404,"n":365,"max":140.6,"mat":"rconcrete","welds":0,"burning":false,"char":0,"dem":false,"vol":7.48,"y":-3.42,"type":{},"net":0.104,"path":1.461,"jt":"1","ropes":0,"rebars":1,"hinged":false,"buried":0,"joints":1,"temp":20,"heatK":1,"thr":0.07,"x":-70.9,"z":-41.8,"frag":1},{"id":11998,"n":359,"max":65,"mat":"rconcrete","welds":0,"burning":false,"char":0,"dem":true,"vol":0.062,"y":-3.2,"type":{},"net":1.722,"path":3.85,"jt":"1","ropes":0,"rebars":1,"hinged":false,"buried":0,"joints":1,"temp":22,"heatK":1,"thr":0.07,"x":-61.4,"z":-1.1,"frag":1},{"id":9814,"n":358,"max":1360.7,"mat":"steel","welds":0,"burning":false,"char":0,"dem":true,"vol":0.004,"y":1.62,"type":{},"net":0.045,"path":0.341,"jt":"","ropes":0,"rebars":0,"hinged":false,"buried":0,"joints":0,"temp":20,"heatK":1,"thr":0.4,"x":-72.9,"z":-42.2,"frag":0},{"id":12000,"n":356,"max":66.1,"mat":"rconcrete","welds":0,"burning":false,"char":0,"dem":true,"vol":0.318,"y":-3.45,"type":{},"net":2.167,"path":3.353,"jt":"1","ropes":0,"rebars":1,"hinged":false,"buried":0,"joints":1,"temp":21,"heatK":1,"thr":0.07,"x":-61.6,"z":-0.9,"frag":1},{"id":10743,"n":354,"max":114.6,"mat":"steel","welds":0,"burning":false,"char":0,"dem":true,"vol":0.391,"y":-2.04,"type":{},"net":1.3,"path":1.606,"jt":"","ropes":0,"rebars":0,"hinged":false,"buried":0,"joints":0,"temp":24,"heatK":1,"thr":0.07,"x":-59.1,"z":-12.8,"frag":0},{"id":8459,"n":347,"max":6904.6,"mat":"steel","welds":0,"burning":false,"char":0,"dem":true,"vol":0.004,"y":1.01,"type":{},"net":0.186,"path":1.472,"jt":"","ropes":0,"rebars":0,"hinged":false,"buried":0,"joints":0,"temp":20,"heatK":1,"thr":0.4,"x":-75.8,"z":-54.7,"frag":0},{"id":13707,"n":347,"max":115.1,"mat":"stone","welds":0,"burning":false,"char":0,"dem":true,"vol":0.662,"y":0.81,"type":{},"net":0.528,"path":1.343,"jt":"","ropes":0,"rebars":0,"hinged":false,"buried":0,"joints":0,"temp":20,"heatK":1,"thr":0.07,"x":-63.5,"z":5.1,"frag":1},{"id":13050,"n":343,"max":364.6,"mat":"stone","welds":0,"burning":false,"char":0,"dem":true,"vol":0.065,"y":-3.32,"type":{},"net":3.395,"path":5.192,"jt":"","ropes":0,"rebars":0,"hinged":false,"buried":0,"joints":0,"temp":20,"heatK":1,"thr":0.4,"x":-45.4,"z":-5.5,"frag":0},{"id":9028,"n":340,"max":1729.1,"mat":"steel","welds":0,"burning":false,"char":0,"dem":true,"vol":0.004,"y":2.76,"type":{},"net":0.297,"path":0.739,"jt":"","ropes":0,"rebars":0,"hinged":false,"buried":0,"joints":0,"temp":20,"heatK":1,"thr":0.4,"x":-47.9,"z":-66.9,"frag":0},{"id":12238,"n":330,"max":23.8,"mat":"rconcrete","welds":0,"burning":false,"char":0,"dem":true,"vol":0.188,"y":-3.07,"type":{},"net":0.454,"path":1.431,"jt":"1","ropes":0,"rebars":1,"hinged":false,"buried":0,"joints":1,"temp":20,"heatK":1,"thr":0.07,"x":-54.3,"z":-3.5,"frag":1},{"id":12101,"n":322,"max":122.6,"mat":"rconcrete","welds":0,"burning":false,"char":0,"dem":true,"vol":0.26,"y":-3.98,"type":{},"net":5.145,"path":6.594,"jt":"1","ropes":0,"rebars":1,"hinged":false,"buried":0,"joints":1,"temp":20,"heatK":1,"thr":0.07,"x":-46.7,"z":-0.8,"frag":1},{"id":10323,"n":322,"max":38.3,"mat":"steel","welds":0,"burning":false,"char":0,"dem":true,"vol":0.004,"y":3.72,"type":{},"net":0.036,"path":0.119,"jt":"","ropes":0,"rebars":0,"hinged":false,"buried":0,"joints":0,"temp":20,"heatK":1,"thr":0.4,"x":-51.2,"z":-67.6,"frag":0},{"id":13417,"n":320,"max":27.5,"mat":"rconcrete","welds":0,"burning":false,"char":0,"dem":true,"vol":4.754,"y":-2.19,"type":{},"net":0.04,"path":1.038,"jt":"","ropes":0,"rebars":0,"hinged":false,"buried":0,"joints":0,"temp":20,"heatK":1,"thr":0.4,"x":-70.8,"z":-40.3,"frag":1},{"id":8922,"n":319,"max":3.1,"mat":"rconcrete","welds":0,"burning":false,"char":0,"dem":true,"vol":0.409,"y":0.6,"type":{},"net":0.143,"path":0.198,"jt":"1","ropes":0,"rebars":1,"hinged":false,"buried":0,"joints":1,"temp":25,"heatK":1,"thr":0.07,"x":-63.8,"z":-82.4,"frag":1}]
{
 "map": "Downtown",
 "bpPieces": 5489,
 "buildMs": 21118,
 "start": {
  "pieces": 5489,
  "welds": 14004,
  "snaps": 0,
  "eventSnaps": 0,
  "fractures": 0,
  "cracks": 0,
  "buckles": 0,
  "yields": 0,
  "creepFails": 0,
  "fatigue": 0,
  "crushes": 0,
  "slips": 0,
  "delams": 0
 },
 "end": {
  "pieces": 6723,
  "welds": 7903,
  "snaps": 7567,
  "eventSnaps": 10947,
  "fractures": 1625,
  "cracks": 98,
  "buckles": 5,
  "yields": 7004,
  "creepFails": 0,
  "fatigue": 3,
  "crushes": 7,
  "slips": 316,
  "delams": 0
 },
 "weldsLostPct": 43.57,
 "demolitionPct": 58.276,
 "avgPhysMs": 212.866,
 "avgAfterMs": 90.405,
 "avgSoftMs": 5.491,
 "maxStepMs": 2569.8,
 "breakdownMsPerStep": {
  "svc": 7.894,
  "mech": 0.401,
  "fields": 9.887,
  "joints": 1.486,
  "analysis": 11.035
 },
 "machines": {
  "crane": {
   "awake": 6,
   "axes": 5,
   "running": 2
  },
  "office": {
   "awake": 1,
   "axes": 1,
   "running": 1
  },
  "store": {
   "awake": 3332,
   "axes": 2,
   "running": 0
  }
 },
 "runaways": 24,
 "pumped": 3261,
 "designIssues": 0,
 "softKinds": {
  "cloth:asleep": 20,
  "cloth:awake": 2
 },
 "perWin": [
  "t=2s phys 29.84 after 108.68 soft 19.67 ms | welds 14188 pieces 5872 demo 0.01% awakeBodies 1763 softAwake 3 snaps 92 evSnaps 317 frac 8 cracks 45 yields 136 hangs 0 relieved 0 frozen 0 anPending 2 anMax 4162.6 maxStep 2569.8",
  "t=4s phys 79.43 after 70.37 soft 5.29 ms | welds 13476 pieces 6882 demo 34.78% awakeBodies 2769 softAwake 2 snaps 1701 evSnaps 3179 frac 28 cracks 98 yields 1439 hangs 0 relieved 0 frozen 0 anPending 2 anMax 4162.6 maxStep 344.7",
  "t=6s phys 133.30 after 64.08 soft 5.49 ms | welds 12768 pieces 7308 demo 44.60% awakeBodies 3190 softAwake 2 snaps 2612 evSnaps 4408 frac 203 cracks 98 yields 2301 hangs 0 relieved 0 frozen 0 anPending 4 anMax 4162.6 maxStep 762.4",
  "t=8s phys 383.63 after 166.18 soft 7.76 ms | welds 11317 pieces 6845 demo 45.80% awakeBodies 3714 softAwake 1 snaps 4038 evSnaps 6559 frac 358 cracks 98 yields 4065 hangs 0 relieved 0 frozen 7 anPending 6 anMax 4162.6 maxStep 2403.0",
  "t=10s phys 555.49 after 210.87 soft 5.58 ms | welds 9000 pieces 7087 demo 46.97% awakeBodies 4184 softAwake 2 snaps 6315 evSnaps 9889 frac 537 cracks 98 yields 6381 hangs 11 relieved 0 frozen 25 anPending 6 anMax 4162.6 maxStep 1992.6",
  "t=12s phys 169.19 after 57.89 soft 2.04 ms | welds 8098 pieces 6773 demo 55.83% awakeBodies 3564 softAwake 1 snaps 7186 evSnaps 10510 frac 681 cracks 98 yields 6648 hangs 30 relieved 0 frozen 37 anPending 0 anMax 4162.6 maxStep 650.2",
  "t=14s phys 258.44 after 70.64 soft 2.71 ms | welds 8030 pieces 6710 demo 57.31% awakeBodies 3504 softAwake 2 snaps 7325 evSnaps 10592 frac 863 cracks 98 yields 6749 hangs 37 relieved 0 frozen 40 anPending 0 anMax 4162.6 maxStep 1809.1",
  "t=16s phys 172.31 after 45.63 soft 2.23 ms | welds 7960 pieces 6678 demo 57.77% awakeBodies 3845 softAwake 1 snaps 7460 evSnaps 10682 frac 999 cracks 98 yields 6793 hangs 38 relieved 0 frozen 40 anPending 0 anMax 4162.6 maxStep 661.7",
  "t=18s phys 138.94 after 42.27 soft 2.06 ms | welds 7939 pieces 6710 demo 57.89% awakeBodies 3430 softAwake 2 snaps 7489 evSnaps 10732 frac 1119 cracks 98 yields 6829 hangs 38 relieved 0 frozen 40 anPending 0 anMax 4162.6 maxStep 768.2",
  "t=20s phys 208.08 after 67.44 soft 2.10 ms | welds 7926 pieces 6712 demo 57.96% awakeBodies 3389 softAwake 2 snaps 7500 evSnaps 10768 frac 1231 cracks 98 yields 6859 hangs 38 relieved 0 frozen 42 anPending 0 anMax 4162.6 maxStep 977.0"
 ]
}
RESULT {"weldsLost":6101,"runaways":24,"awakeAtEnd":3641,"awakeMachine":3339,"awakeOther":302,"fingerprint":"5892421bfc962c87"}
