WebSocket server error: Port 24678 is already in use
THREE.WARNING: Multiple instances of Three.js being imported.
Box3D: WARNING: complex mesh detected, triangle buffer capacity of 256 reached
JOINTTYPES {"1":265,"4":13,"5":6,"7":10302} filter 0
  mode noafter  40 awake 3886 knocked 0
  mode noafter  80 awake 3884 knocked 0
  mode noafter  120 awake 3884 knocked 0
  mode noafter  160 awake 3884 knocked 0
  mode noafter  200 awake 3884 knocked 0
  mode noafter  240 awake 3884 knocked 0
  mode noafter  280 awake 3884 knocked 0
  mode noafter  320 awake 3884 knocked 0
  mode noafter  360 awake 3884 knocked 0
  mode noafter  400 awake 3884 knocked 0
  mode noafter  440 awake 3884 knocked 0
  mode noafter  480 awake 3884 knocked 0
  mode noafter  520 awake 3884 knocked 0
  mode noafter  560 awake 3884 knocked 0
  mode noafter  600 awake 3884 knocked 0
STEPLOG [[18,0,0,0,0,0],[26,0,0,0,0,0],[19,0,0,0,0,0],[19,0,0,0,0,0],[15,0,0,0,0,0],[19,0,0,0,0,0],[20,0,0,0,0,0],[18,0,0,0,0,0],[16,0,0,0,0,0],[18,0,0,0,0,0],[16,0,0,0,0,0],[16,0,0,0,0,0],[19,0,0,0,0,0],[18,0,0,0,0,0],[13,0,0,0,0,0],[11,0,0,0,0,0],[10,0,0,0,0,0],[14,0,0,0,0,0],[14,0,0,0,0,0],[8,0,0,0,0,0],[8,0,0,0,0,0],[9,0,0,0,0,0],[6,0,0,0,0,0],[8,0,0,0,0,0],[10,0,0,0,0,0],[8,0,0,0,0,0],[8,0,0,0,0,0],[8,0,0,0,0,0],[6,0,0,0,0,0],[9,0,0,0,0,0],[9,0,0,0,0,0],[10,0,0,0,0,0],[9,0,0,0,0,0],[12,0,0,0,0,0],[12,0,0,0,0,0],[10,0,0,0,0,0],[11,0,0,0,0,0],[11,0,0,0,0,0],[12,0,0,0,0,0],[17,0,0,0,0,0],[11,0,0,0,0,0],[15,0,0,0,0,0],[13,0,0,0,0,0],[15,0,0,0,0,0],[16,0,0,0,0,0],[13,0,0,0,0,0],[13,0,0,0,0,0],[14,0,0,0,0,0],[10,0,0,0,0,0],[10,0,0,0,0,0],[9,0,0,0,0,0],[10,0,0,0,0,0],[10,0,0,0,0,0],[9,0,0,0,0,0],[7,0,0,0,0,0],[7,0,0,0,0,0],[9,0,0,0,0,0],[7,0,0,0,0,0],[7,0,0,0,0,0],[6,0,0,0,0,0],[7,0,0,0,0,0],[8,0,0,0,0,0],[5,0,0,0,0,0],[5,0,0,0,0,0],[7,0,0,0,0,0],[4,0,0,0,0,0],[6,0,0,0,0,0],[4,0,0,0,0,0],[4,0,0,0,0,0],[5,0,0,0,0,0],[5,0,0,0,0,0],[5,0,0,0,0,0],[5,0,0,0,0,0],[3,0,0,0,0,0],[2,0,0,0,0,0],[6,0,0,0,0,0],[3,0,0,0,0,0],[3,0,0,0,0,0],[5,0,0,0,0,0],[3,0,0,0,0,0],[2,0,0,0,0,0],[4,0,0,0,0,0],[3,0,0,0,0,0],[4,0,0,0,0,0],[3,0,0,0,0,0],[3,0,0,0,0,0],[1,0,0,0,0,0],[3,0,0,0,0,0],[2,0,0,0,0,0],[3,0,0,0,0,0],[2,0,0,0,0,0],[2,0,0,0,0,0],[2,0,0,0,0,0],[1,0,0,0,0,0],[3,0,0,0,0,0],[3,0,0,0,0,0],[3,0,0,0,0,0],[5,0,0,0,0,0],[4,0,0,0,0,0],[3,0,0,0,0,0],[3,0,0,0,0,0],[3,0,0,0,0,0],[4,0,0,0,0,0],[3,0,0,0,0,0],[3,0,0,0,0,0],[4,0,0,0,0,0],[3,0,0,0,0,0],[4,0,0,0,0,0],[3,0,0,0,0,0],[3,0,0,0,0,0],[4,0,0,0,0,0],[2,0,0,0,0,0],[1,0,0,0,0,0],[3,0,0,0,0,0],[4,0,0,0,0,0],[3,0,0,0,0,0],[6,0,0,0,0,0],[5,0,0,0,0,0],[4,0,0,0,0,0],[4,0,0,0,0,0],[4,0,0,0,0,0],[5,0,0,0,0,0],[4,0,0,0,0,0],[4,0,0,0,0,0],[4,0,0,0,0,0],[3,0,0,0,0,0],[3,0,0,0,0,0],[3,0,0,0,0,0],[3,0,0,0,0,0],[4,0,0,0,0,0],[5,0,0,0,0,0],[5,0,0,0,0,0],[4,0,0,0,0,0],[4,0,0,0,0,0],[3,0,0,0,0,0],[3,0,0,0,0,0],[4,0,0,0,0,0],[4,0,0,0,0,0],[4,0,0,0,0,0],[3,0,0,0,0,0],[3,0,0,0,0,0],[3,0,0,0,0,0],[4,0,0,0,0,0],[3,0,0,0,0,0],[4,0,0,0,0,0],[4,0,0,0,0,0],[6,0,0,0,0,0],[5,0,0,0,0,0],[4,0,0,0,0,0],[4,0,0,0,0,0],[3,0,0,0,0,0],[5,0,0,0,0,0],[3,0,0,0,0,0],[5,0,0,0,0,0],[4,0,0,0,0,0],[4,0,0,0,0,0],[2,0,0,0,0,0],[4,0,0,0,0,0],[2,0,0,0,0,0],[3,0,0,0,0,0],[4,0,0,0,0,0],[3,0,0,0,0,0],[4,0,0,0,0,0],[2,0,0,0,0,0],[3,0,0,0,0,0],[4,0,0,0,0,0],[3,0,0,0,0,0],[3,0,0,0,0,0],[2,0,0,0,0,0],[4,0,0,0,0,0],[3,0,0,0,0,0],[3,0,0,0,0,0],[4,0,0,0,0,0],[4,0,0,0,0,0],[4,0,0,0,0,0],[5,0,0,0,0,0],[3,0,0,0,0,0],[5,0,0,0,0,0],[4,0,0,0,0,0],[4,0,0,0,0,0],[4,0,0,0,0,0],[2,0,0,0,0,0],[3,0,0,0,0,0],[5,0,0,0,0,0],[3,0,0,0,0,0],[4,0,0,0,0,0],[5,0,0,0,0,0],[4,0,0,0,0,0],[3,0,0,0,0,0],[5,0,0,0,0,0],[4,0,0,0,0,0],[5,0,0,0,0,0],[4,0,0,0,0,0],[3,0,0,0,0,0],[3,0,0,0,0,0],[4,0,0,0,0,0],[3,0,0,0,0,0],[3,0,0,0,0,0],[4,0,0,0,0,0],[4,0,0,0,0,0],[3,0,0,0,0,0],[3,0,0,0,0,0],[24,0,0,0,0,0],[29,0,0,0,0,0],[35,0,0,0,0,0],[33,0,0,0,0,0],[25,0,0,0,0,0],[22,0,0,0,0,0],[14,0,0,0,0,0],[13,0,0,0,0,0],[12,0,0,0,0,0],[11,0,0,0,0,0],[9,0,0,0,0,0],[14,0,0,0,0,0],[8,0,0,0,0,0],[11,0,0,0,0,0],[8,0,0,0,0,0],[8,0,0,0,0,0],[11,0,0,0,0,0],[7,0,0,0,0,0],[6,0,0,0,0,0],[6,0,0,0,0,0],[6,0,0,0,0,0],[6,0,0,0,0,0],[5,0,0,0,0,0],[6,0,0,0,0,0],[5,0,0,0,0,0],[3,0,0,0,0,0],[5,0,0,0,0,0],[5,0,0,0,0,0],[4,0,0,0,0,0],[4,0,0,0,0,0],[2,0,0,0,0,0],[4,0,0,0,0,0],[5,0,0,0,0,0],[4,0,0,0,0,0],[5,0,0,0,0,0],[4,0,0,0,0,0],[6,0,0,0,0,0],[3,0,0,0,0,0],[3,0,0,0,0,0],[5,0,0,0,0,0],[4,0,0,0,0,0],[3,0,0,0,0,0],[4,0,0,0,0,0],[3,0,0,0,0,0],[4,0,0,0,0,0],[3,0,0,0,0,0],[4,0,0,0,0,0],[6,0,0,0,0,0],[4,0,0,0,0,0],[7,0,0,0,0,0],[4,0,0,0,0,0],[4,0,0,0,0,0],[1,0,0,0,0,0],[6,0,0,0,0,0],[5,0,0,0,0,0],[5,0,0,0,0,0],[4,0,0,0,0,0],[4,0,0,0,0,0],[2,0,0,0,0,0],[4,0,0,0,0,0],[1,0,0,0,0,0],[3,0,0,0,0,0],[4,0,0,0,0,0],[4,0,0,0,0,0],[5,0,0,0,0,0],[5,0,0,0,0,0],[5,0,0,0,0,0],[5,0,0,0,0,0],[2,0,0,0,0,0],[7,0,0,0,0,0],[7,0,0,0,0,0],[7,0,0,0,0,0],[7,0,0,0,0,0],[5,0,0,0,0,0],[6,0,0,0,0,0],[5,0,0,0,0,0],[4,0,0,0,0,0],[3,0,0,0,0,0],[2,0,0,0,0,0],[4,0,0,0,0,0],[5,0,0,0,0,0],[4,0,0,0,0,0],[4,0,0,0,0,0],[5,0,0,0,0,0],[5,0,0,0,0,0],[3,0,0,0,0,0],[3,0,0,0,0,0],[6,0,0,0,0,0],[5,0,0,0,0,0],[7,0,0,0,0,0],[4,0,0,0,0,0],[5,0,0,0,0,0],[7,0,0,0,0,0],[7,0,0,0,0,0],[5,0,0,0,0,0],[3,0,0,0,0,0],[4,0,0,0,0,0],[6,0,0,0,0,0],[4,0,0,0,0,0],[4,0,0,0,0,0],[3,0,0,0,0,0],[3,0,0,0,0,0],[5,0,0,0,0,0],[3,0,0,0,0,0],[5,0,0,0,0,0],[5,0,0,0,0,0],[4,0,0,0,0,0],[2,0,0,0,0,0],[4,0,0,0,0,0],[2,0,0,0,0,0],[3,0,0,0,0,0],[2,0,0,0,0,0],[3,0,0,0,0,0],[3,0,0,0,0,0],[1,0,0,0,0,0],[2,0,0,0,0,0],[3,0,0,0,0,0],[1,0,0,0,0,0],[3,0,0,0,0,0],[4,0,0,0,0,0],[2,0,0,0,0,0],[3,0,0,0,0,0],[2,0,0,0,0,0],[2,0,0,0,0,0],[3,0,0,0,0,0],[2,0,0,0,0,0],[2,0,0,0,0,0],[1,0,0,0,0,0],[2,0,0,0,0,0],[3,0,0,0,0,0],[2,0,0,0,0,0],[2,0,0,0,0,0],[2,0,0,0,0,0],[1,0,0,0,0,0],[3,0,0,0,0,0],[3,0,0,0,0,0],[5,0,0,0,0,0],[5,0,0,0,0,0],[3,0,0,0,0,0],[1,0,0,0,0,0],[2,0,0,0,0,0],[4,0,0,0,0,0],[4,0,0,0,0,0],[1,0,0,0,0,0],[4,0,0,0,0,0],[4,0,0,0,0,0],[1,0,0,0,0,0],[3,0,0,0,0,0],[5,0,0,0,0,0],[3,0,0,0,0,0],[3,0,0,0,0,0],[4,0,0,0,0,0],[2,0,0,0,0,0],[2,0,0,0,0,0],[2,0,0,0,0,0],[4,0,0,0,0,0],[3,0,0,0,0,0],[2,0,0,0,0,0],[3,0,0,0,0,0],[1,0,0,0,0,0],[2,0,0,0,0,0],[4,0,0,0,0,0],[2,0,0,0,0,0],[3,0,0,0,0,0],[3,0,0,0,0,0],[1,0,0,0,0,0],[2,0,0,0,0,0],[4,0,0,0,0,0],[2,0,0,0,0,0],[2,0,0,0,0,0],[3,0,0,0,0,0],[2,0,0,0,0,0],[2,0,0,0,0,0],[1,0,0,0,0,0],[2,0,0,0,0,0],[2,0,0,0,0,0],[1,0,0,0,0,0],[2,0,0,0,0,0],[3,0,0,0,0,0],[2,0,0,0,0,0],[3,0,0,0,0,0],[2,0,0,0,0,0],[2,0,0,0,0,0],[3,0,0,0,0,0],[3,0,0,0,0,0],[2,0,0,0,0,0],[2,0,0,0,0,0],[1,0,0,0,0,0],[3,0,0,0,0,0],[3,0,0,0,0,0],[2,0,0,0,0,0],[2,0,0,0,0,0],[3,0,0,0,0,0],[2,0,0,0,0,0],[3,0,0,0,0,0],[2,0,0,0,0,0],[2,0,0,0,0,0],[3,0,0,0,0,0],[2,0,0,0,0,0],[2,0,0,0,0,0],[2,0,0,0,0,0],[2,0,0,0,0,0],[2,0,0,0,0,0],[1,0,0,0,0,0],[2,0,0,0,0,0],[2,0,0,0,0,0],[2,0,0,0,0,0],[2,0,0,0,0,0],[2,0,0,0,0,0],[2,0,0,0,0,0],[2,0,0,0,0,0],[2,0,0,0,0,0],[3,0,0,0,0,0],[2,0,0,0,0,0],[2,0,0,0,0,0],[2,0,0,0,0,0],[2,0,0,0,0,0],[2,0,0,0,0,0],[2,0,0,0,0,0],[2,0,0,0,0,0],[2,0,0,0,0,0],[2,0,0,0,0,0],[2,0,0,0,0,0],[2,0,0,0,0,0],[2,0,0,0,0,0],[2,0,0,0,0,0],[2,0,0,0,0,0],[3,0,0,0,0,0],[2,0,0,0,0,0],[2,0,0,0,0,0],[2,0,0,0,0,0],[2,0,0,0,0,0],[2,0,0,0,0,0],[2,0,0,0,0,0],[2,0,0,0,0,0],[2,0,0,0,0,0],[2,0,0,0,0,0],[2,0,0,0,0,0],[2,0,0,0,0,0],[2,0,0,0,0,0],[2,0,0,0,0,0],[2,0,0,0,0,0],[2,0,0,0,0,0],[2,0,0,0,0,0],[2,0,0,0,0,0],[2,0,0,0,0,0],[2,0,0,0,0,0],[2,0,0,0,0,0],[2,0,0,0,0,0],[2,0,0,0,0,0],[2,0,0,0,0,0],[2,0,0,0,0,0],[2,0,0,0,0,0],[2,0,0,0,0,0],[2,0,0,0,0,0],[2,0,0,0,0,0],[2,0,0,0,0,0],[23,0,0,0,0,0],[24,0,0,0,0,0],[38,0,0,0,0,0],[33,0,0,0,0,0],[26,0,0,0,0,0],[16,0,0,0,0,0],[13,0,0,0,0,0],[14,0,0,0,0,0],[9,0,0,0,0,0],[8,0,0,0,0,0],[7,0,0,0,0,0],[9,0,0,0,0,0],[7,0,0,0,0,0],[8,0,0,0,0,0],[8,0,0,0,0,0],[8,0,0,0,0,0],[9,0,0,0,0,0],[5,0,0,0,0,0],[7,0,0,0,0,0],[5,0,0,0,0,0],[6,0,0,0,0,0],[2,0,0,0,0,0],[4,0,0,0,0,0],[2,0,0,0,0,0],[3,0,0,0,0,0],[3,0,0,0,0,0],[3,0,0,0,0,0],[5,0,0,0,0,0],[5,0,0,0,0,0],[2,0,0,0,0,0],[3,0,0,0,0,0],[2,0,0,0,0,0],[3,0,0,0,0,0],[2,0,0,0,0,0],[3,0,0,0,0,0],[3,0,0,0,0,0],[3,0,0,0,0,0],[3,0,0,0,0,0],[3,0,0,0,0,0],[3,0,0,0,0,0],[3,0,0,0,0,0],[2,0,0,0,0,0],[2,0,0,0,0,0],[2,0,0,0,0,0],[3,0,0,0,0,0],[2,0,0,0,0,0],[3,0,0,0,0,0],[2,0,0,0,0,0],[2,0,0,0,0,0],[4,0,0,0,0,0],[1,0,0,0,0,0],[3,0,0,0,0,0],[3,0,0,0,0,0],[3,0,0,0,0,0],[2,0,0,0,0,0],[2,0,0,0,0,0],[2,0,0,0,0,0],[2,0,0,0,0,0],[2,0,0,0,0,0],[2,0,0,0,0,0],[3,0,0,0,0,0],[3,0,0,0,0,0],[2,0,0,0,0,0],[2,0,0,0,0,0],[2,0,0,0,0,0],[3,0,0,0,0,0],[2,0,0,0,0,0],[3,0,0,0,0,0],[2,0,0,0,0,0],[2,0,0,0,0,0],[4,0,0,0,0,0],[1,0,0,0,0,0],[3,0,0,0,0,0],[2,0,0,0,0,0],[2,0,0,0,0,0],[2,0,0,0,0,0],[3,0,0,0,0,0],[3,0,0,0,0,0],[3,0,0,0,0,0],[2,0,0,0,0,0],[2,0,0,0,0,0],[3,0,0,0,0,0],[2,0,0,0,0,0],[2,0,0,0,0,0],[2,0,0,0,0,0],[2,0,0,0,0,0],[3,0,0,0,0,0],[3,0,0,0,0,0],[2,0,0,0,0,0],[2,0,0,0,0,0],[2,0,0,0,0,0],[1,0,0,0,0,0],[2,0,0,0,0,0],[3,0,0,0,0,0],[1,0,0,0,0,0],[2,0,0,0,0,0],[3,0,0,0,0,0],[2,0,0,0,0,0],[2,0,0,0,0,0],[2,0,0,0,0,0],[2,0,0,0,0,0],[2,0,0,0,0,0],[2,0,0,0,0,0],[2,0,0,0,0,0],[2,0,0,0,0,0],[2,0,0,0,0,0],[2,0,0,0,0,0],[2,0,0,0,0,0],[2,0,0,0,0,0],[2,0,0,0,0,0],[2,0,0,0,0,0],[2,0,0,0,0,0],[2,0,0,0,0,0],[2,0,0,0,0,0],[2,0,0,0,0,0],[2,0,0,0,0,0],[2,0,0,0,0,0],[2,0,0,0,0,0],[2,0,0,0,0,0],[2,0,0,0,0,0],[2,0,0,0,0,0],[2,0,0,0,0,0],[3,0,0,0,0,0],[3,0,0,0,0,0],[2,0,0,0,0,0],[2,0,0,0,0,0],[2,0,0,0,0,0],[2,0,0,0,0,0],[3,0,0,0,0,0],[2,0,0,0,0,0],[2,0,0,0,0,0],[4,0,0,0,0,0],[6,0,0,0,0,0],[3,0,0,0,0,0],[6,0,0,0,0,0],[4,0,0,0,0,0],[6,0,0,0,0,0],[4,0,0,0,0,0],[4,0,0,0,0,0],[2,0,0,0,0,0],[1,0,0,0,0,0]]
OVERAVG 4.793333333333333 distinct 106
KEEPERS [{"id":2347,"n":600,"max":17.1,"mat":"castiron","welds":0,"burning":false,"char":0,"dem":true,"vol":0.272,"y":22.87,"type":{},"net":5.771,"path":7.421,"jt":"1","ropes":1,"rebars":0,"hinged":false,"buried":0,"joints":1,"temp":20,"heatK":1,"thr":0.07,"x":-15.8,"z":-65.6,"frag":0},{"id":10636,"n":358,"max":19.4,"mat":"steel","welds":0,"burning":false,"char":0,"dem":true,"vol":0.004,"y":1.59,"type":{},"net":0.044,"path":0.243,"jt":"","ropes":0,"rebars":0,"hinged":false,"buried":0,"joints":0,"temp":199,"heatK":1,"thr":0.4,"x":-71.8,"z":-37.1,"frag":0},{"id":9679,"n":273,"max":250.1,"mat":"steel","welds":0,"burning":false,"char":0,"dem":true,"vol":0.004,"y":1.78,"type":{},"net":0.005,"path":0.045,"jt":"","ropes":0,"rebars":0,"hinged":false,"buried":0,"joints":0,"temp":606,"heatK":0.53,"thr":0.1,"x":-48.9,"z":-42.8,"frag":0},{"id":10128,"n":212,"max":19.4,"mat":"aluminum","welds":0,"burning":false,"char":0,"dem":true,"vol":0.074,"y":1.22,"type":{},"net":0.023,"path":0.117,"jt":"","ropes":0,"rebars":0,"hinged":false,"buried":0,"joints":0,"temp":20,"heatK":1,"thr":0.05,"x":-71.1,"z":-36.2,"frag":0},{"id":2438,"n":154,"max":2.7,"mat":"steel","welds":0,"burning":false,"char":0,"dem":true,"vol":0.133,"y":0.08,"type":{},"net":0.036,"path":0.114,"jt":"","ropes":0,"rebars":0,"hinged":false,"buried":0,"joints":0,"temp":23,"heatK":1,"thr":0.4,"x":-61.8,"z":-36.6,"frag":0},{"id":10696,"n":138,"max":67.3,"mat":"steel","welds":0,"burning":false,"char":0,"dem":true,"vol":0.004,"y":3.71,"type":{},"net":0.002,"path":0.017,"jt":"","ropes":0,"rebars":0,"hinged":false,"buried":0,"joints":0,"temp":603,"heatK":0.52,"thr":0.05,"x":-62.7,"z":-42,"frag":0},{"id":11824,"n":124,"max":7.6,"mat":"rconcrete","welds":0,"burning":false,"char":0,"dem":true,"vol":0.05,"y":1.84,"type":{},"net":0.01,"path":0.064,"jt":"1","ropes":0,"rebars":1,"hinged":false,"buried":0,"joints":1,"temp":416,"heatK":1,"thr":0.07,"x":-48.6,"z":-43,"frag":1},{"id":10367,"n":93,"max":30964.7,"mat":"steel","welds":0,"burning":false,"char":0,"dem":true,"vol":0.004,"y":2.71,"type":{},"net":0.193,"path":0.365,"jt":"","ropes":0,"rebars":0,"hinged":false,"buried":0,"joints":0,"temp":453,"heatK":0.88,"thr":0.05,"x":-61.1,"z":-41.5,"frag":0},{"id":10892,"n":82,"max":56.8,"mat":"steel","welds":0,"burning":false,"char":0,"dem":true,"vol":0.004,"y":2.37,"type":{},"net":0.002,"path":0.008,"jt":"","ropes":0,"rebars":0,"hinged":false,"buried":0,"joints":0,"temp":605,"heatK":0.5,"thr":0.05,"x":-58.9,"z":-43.9,"frag":0},{"id":10681,"n":82,"max":79.5,"mat":"steel","welds":0,"burning":false,"char":0,"dem":true,"vol":0.004,"y":3.62,"type":{},"net":0.003,"path":0.013,"jt":"","ropes":0,"rebars":0,"hinged":false,"buried":0,"joints":0,"temp":605,"heatK":0.5,"thr":0.1,"x":-59.4,"z":-43.1,"frag":0},{"id":10824,"n":68,"max":35.5,"mat":"steel","welds":0,"burning":false,"char":0,"dem":true,"vol":0.004,"y":2.36,"type":{},"net":0.002,"path":0.004,"jt":"","ropes":0,"rebars":0,"hinged":false,"buried":0,"joints":0,"temp":638,"heatK":0.41,"thr":0.05,"x":-50.2,"z":-44.5,"frag":0},{"id":7136,"n":59,"max":123.3,"mat":"steel","welds":0,"burning":false,"char":0,"dem":true,"vol":0.004,"y":1.83,"type":{},"net":0.023,"path":0.245,"jt":"","ropes":0,"rebars":0,"hinged":false,"buried":0,"joints":0,"temp":35,"heatK":1,"thr":0.4,"x":-46,"z":-56.9,"frag":0},{"id":10362,"n":51,"max":16,"mat":"rconcrete","welds":0,"burning":false,"char":0,"dem":true,"vol":0.646,"y":2.96,"type":{},"net":0.107,"path":0.199,"jt":"","ropes":0,"rebars":0,"hinged":false,"buried":0,"joints":0,"temp":556,"heatK":1,"thr":0.07,"x":-58,"z":-42.5,"frag":1},{"id":7936,"n":32,"max":6.8,"mat":"steel","welds":0,"burning":false,"char":0,"dem":true,"vol":0.004,"y":0.69,"type":{},"net":0.003,"path":0.018,"jt":"","ropes":0,"rebars":0,"hinged":false,"buried":0,"joints":0,"temp":20,"heatK":1,"thr":0.4,"x":-49.1,"z":-32.4,"frag":0},{"id":11439,"n":31,"max":13.9,"mat":"rconcrete","welds":0,"burning":false,"char":0,"dem":true,"vol":0.467,"y":3.61,"type":{},"net":0.103,"path":0.11,"jt":"","ropes":0,"rebars":0,"hinged":false,"buried":0,"joints":0,"temp":29,"heatK":1,"thr":0.07,"x":-60.1,"z":-41,"frag":1},{"id":7144,"n":31,"max":4.8,"mat":"rconcrete","welds":0,"burning":false,"char":0,"dem":true,"vol":0.346,"y":0.87,"type":{},"net":0.007,"path":0.078,"jt":"1","ropes":0,"rebars":1,"hinged":false,"buried":0,"joints":1,"temp":20,"heatK":1,"thr":0.07,"x":-71.7,"z":-36.4,"frag":1},{"id":10537,"n":30,"max":8.7,"mat":"rconcrete","welds":0,"burning":false,"char":0,"dem":true,"vol":0.581,"y":3.4,"type":{},"net":0.016,"path":0.058,"jt":"","ropes":0,"rebars":0,"hinged":false,"buried":0,"joints":0,"temp":85,"heatK":1,"thr":0.07,"x":-60.4,"z":-42.1,"frag":1},{"id":10320,"n":27,"max":11.2,"mat":"rconcrete","welds":0,"burning":false,"char":0,"dem":true,"vol":0.483,"y":2.74,"type":{},"net":0.102,"path":0.118,"jt":"","ropes":0,"rebars":0,"hinged":false,"buried":0,"joints":0,"temp":40,"heatK":1,"thr":0.07,"x":-60,"z":-42.1,"frag":1},{"id":8111,"n":21,"max":4.9,"mat":"steel","welds":0,"burning":false,"char":0,"dem":true,"vol":0.004,"y":1.27,"type":{},"net":0.001,"path":0.003,"jt":"","ropes":0,"rebars":0,"hinged":false,"buried":0,"joints":0,"temp":636,"heatK":0.41,"thr":0.4,"x":-49.3,"z":-43.2,"frag":0},{"id":9375,"n":18,"max":2.3,"mat":"steel","welds":0,"burning":false,"char":0,"dem":true,"vol":0.004,"y":2.95,"type":{},"net":0,"path":0.001,"jt":"","ropes":0,"rebars":0,"hinged":false,"buried":0,"joints":0,"temp":203,"heatK":1,"thr":0.05,"x":-67,"z":-43.2,"frag":0},{"id":9312,"n":13,"max":4.6,"mat":"steel","welds":0,"burning":false,"char":0,"dem":true,"vol":0.004,"y":1.89,"type":{},"net":0.002,"path":0.003,"jt":"","ropes":0,"rebars":0,"hinged":false,"buried":0,"joints":0,"temp":552,"heatK":0.62,"thr":0.4,"x":-47,"z":-44.2,"frag":0},{"id":9608,"n":13,"max":2.8,"mat":"rconcrete","welds":0,"burning":false,"char":0,"dem":true,"vol":0.946,"y":1.33,"type":{},"net":0.009,"path":0.027,"jt":"1","ropes":0,"rebars":1,"hinged":false,"buried":0,"joints":1,"temp":20,"heatK":1,"thr":0.07,"x":-66.6,"z":-36.4,"frag":1},{"id":11446,"n":12,"max":5.1,"mat":"aluminum","welds":0,"burning":false,"char":0,"dem":true,"vol":0.037,"y":1.47,"type":{},"net":0.001,"path":0.002,"jt":"","ropes":0,"rebars":0,"hinged":false,"buried":0,"joints":0,"temp":20,"heatK":1,"thr":0.05,"x":-42.1,"z":-35.1,"frag":0},{"id":7680,"n":11,"max":2.4,"mat":"rconcrete","welds":0,"burning":false,"char":0,"dem":true,"vol":0.891,"y":2.02,"type":{},"net":0.01,"path":0.024,"jt":"1","ropes":0,"rebars":1,"hinged":false,"buried":0,"joints":1,"temp":21,"heatK":1,"thr":0.07,"x":-63.2,"z":-38.2,"frag":1},{"id":8657,"n":11,"max":2.6,"mat":"aluminum","welds":0,"burning":false,"char":0,"dem":true,"vol":0.074,"y":0.53,"type":{},"net":0.007,"path":0.018,"jt":"","ropes":0,"rebars":0,"hinged":false,"buried":0,"joints":0,"temp":32,"heatK":1,"thr":0.4,"x":-59.2,"z":-37,"frag":0},{"id":7678,"n":11,"max":2.9,"mat":"rconcrete","welds":0,"burning":false,"char":0,"dem":true,"vol":0.609,"y":1.6,"type":{},"net":0.009,"path":0.027,"jt":"1","ropes":0,"rebars":1,"hinged":false,"buried":0,"joints":1,"temp":27,"heatK":1,"thr":0.07,"x":-63,"z":-39.1,"frag":1},{"id":11872,"n":10,"max":25.9,"mat":"rconcrete","welds":0,"burning":false,"char":0,"dem":true,"vol":0.583,"y":1.71,"type":{},"net":0.152,"path":0.155,"jt":"","ropes":0,"rebars":0,"hinged":false,"buried":0,"joints":0,"temp":20,"heatK":1,"thr":0.07,"x":-44.3,"z":-63,"frag":1},{"id":7145,"n":10,"max":4,"mat":"rconcrete","welds":0,"burning":false,"char":0,"dem":true,"vol":0.713,"y":0.7,"type":{},"net":0.008,"path":0.026,"jt":"1","ropes":0,"rebars":1,"hinged":false,"buried":0,"joints":1,"temp":20,"heatK":1,"thr":0.07,"x":-71.8,"z":-35.6,"frag":1},{"id":8564,"n":10,"max":1.9,"mat":"tempered","welds":0,"burning":false,"char":0,"dem":true,"vol":3.265,"y":0.14,"type":{},"net":0.006,"path":0.021,"jt":"","ropes":0,"rebars":0,"hinged":false,"buried":0,"joints":0,"temp":20,"heatK":1,"thr":0.4,"x":-71.2,"z":-35,"frag":1},{"id":9607,"n":10,"max":2.4,"mat":"rconcrete","welds":0,"burning":false,"char":0,"dem":true,"vol":0.431,"y":1.7,"type":{},"net":0.007,"path":0.018,"jt":"1","ropes":0,"rebars":1,"hinged":false,"buried":0,"joints":1,"temp":20,"heatK":1,"thr":0.07,"x":-66.6,"z":-35.3,"frag":1},{"id":9037,"n":9,"max":6,"mat":"steel","welds":0,"burning":false,"char":0,"dem":true,"vol":0.004,"y":0.95,"type":{},"net":0.001,"path":0.001,"jt":"","ropes":0,"rebars":0,"hinged":false,"buried":0,"joints":0,"temp":20,"heatK":1,"thr":0.4,"x":-43.5,"z":-66.7,"frag":0},{"id":7919,"n":9,"max":5.4,"mat":"steel","welds":0,"burning":false,"char":0,"dem":true,"vol":0.004,"y":0.06,"type":{},"net":0,"path":0,"jt":"","ropes":0,"rebars":0,"hinged":false,"buried":0,"joints":0,"temp":20,"heatK":1,"thr":0.4,"x":-73.1,"z":-51.9,"frag":0},{"id":1109,"n":9,"max":4.4,"mat":"metal","welds":0,"burning":false,"char":0,"dem":true,"vol":0.013,"y":0.52,"type":{},"net":0.009,"path":0.031,"jt":"","ropes":0,"rebars":0,"hinged":false,"buried":0,"joints":0,"temp":27,"heatK":1,"thr":0.4,"x":-69.4,"z":-39.3,"frag":0},{"id":10044,"n":9,"max":5.2,"mat":"aluminum","welds":0,"burning":false,"char":0,"dem":true,"vol":0.074,"y":3.37,"type":{},"net":0.006,"path":0.011,"jt":"","ropes":0,"rebars":0,"hinged":false,"buried":0,"joints":0,"temp":105,"heatK":1,"thr":0.05,"x":-59.6,"z":-37,"frag":0},{"id":9764,"n":9,"max":1.7,"mat":"rconcrete","welds":0,"burning":false,"char":0,"dem":true,"vol":0.955,"y":0.61,"type":{},"net":0.01,"path":0.018,"jt":"","ropes":0,"rebars":0,"hinged":false,"buried":0,"joints":0,"temp":20,"heatK":1,"thr":0.4,"x":-73.8,"z":-39.7,"frag":1},{"id":10534,"n":8,"max":2,"mat":"rconcrete","welds":0,"burning":false,"char":0,"dem":true,"vol":0.584,"y":3.36,"type":{},"net":0.008,"path":0.006,"jt":"","ropes":0,"rebars":0,"hinged":false,"buried":0,"joints":0,"temp":31,"heatK":1,"thr":0.07,"x":-59.2,"z":-41.3,"frag":1},{"id":8311,"n":8,"max":18.5,"mat":"steel","welds":0,"burning":false,"char":0,"dem":true,"vol":0.004,"y":1.77,"type":{},"net":0.005,"path":0.019,"jt":"","ropes":0,"rebars":0,"hinged":false,"buried":0,"joints":0,"temp":60,"heatK":1,"thr":0.4,"x":-60.1,"z":-35.4,"frag":0},{"id":8006,"n":8,"max":3,"mat":"aluminum","welds":0,"burning":false,"char":0,"dem":true,"vol":10.067,"y":0.39,"type":{},"net":0.005,"path":0.011,"jt":"","ropes":0,"rebars":0,"hinged":false,"buried":0,"joints":0,"temp":63,"heatK":1,"thr":0.4,"x":-59.9,"z":-36.3,"frag":0},{"id":8524,"n":8,"max":2.8,"mat":"rconcrete","welds":0,"burning":false,"char":0,"dem":true,"vol":5.283,"y":1.45,"type":{},"net":0.005,"path":0.009,"jt":"","ropes":0,"rebars":0,"hinged":false,"buried":0,"joints":0,"temp":21,"heatK":1,"thr":0.07,"x":-56.8,"z":-38,"frag":1},{"id":10816,"n":8,"max":3.2,"mat":"steel","welds":0,"burning":false,"char":0,"dem":true,"vol":0.004,"y":2.15,"type":{},"net":0,"path":0.001,"jt":"","ropes":0,"rebars":0,"hinged":false,"buried":0,"joints":0,"temp":608,"heatK":0.53,"thr":0.4,"x":-49.1,"z":-44,"frag":0}]
{
 "map": "Downtown",
 "bpPieces": 5489,
 "buildMs": 15395,
 "start": {
  "pieces": 5489,
  "welds": 14004,
  "snaps": 0,
  "eventSnaps": 0,
  "fractures": 0,
  "cracks": 0,
  "buckles": 0,
  "yields": 0,
  "creepFails": 0,
  "fatigue": 0,
  "crushes": 0,
  "slips": 0,
  "delams": 0
 },
 "end": {
  "pieces": 6825,
  "welds": 10302,
  "snaps": 5407,
  "eventSnaps": 7562,
  "fractures": 1003,
  "cracks": 98,
  "buckles": 5,
  "yields": 5734,
  "creepFails": 0,
  "fatigue": 2,
  "crushes": 0,
  "slips": 300,
  "delams": 0
 },
 "weldsLostPct": 26.44,
 "demolitionPct": 46.904,
 "avgPhysMs": 74.804,
 "avgAfterMs": 34.082,
 "avgSoftMs": 2.515,
 "maxStepMs": 430.6,
 "breakdownMsPerStep": {
  "svc": 1.593,
  "mech": 0.1,
  "fields": 2.986,
  "joints": 0.315,
  "analysis": 7.07
 },
 "machines": {
  "crane": {
   "awake": 3883,
   "axes": 5,
   "running": 2
  },
  "office": {
   "awake": 1,
   "axes": 1,
   "running": 1
  },
  "store": {
   "awake": 0,
   "axes": 2,
   "running": 2
  }
 },
 "runaways": 9,
 "pumped": 5597,
 "designIssues": 0,
 "softKinds": {
  "cloth:asleep": 20,
  "cloth:awake": 2
 },
 "perWin": [
  "t=2s phys 9.34 after 31.53 soft 9.06 ms | welds 14188 pieces 5872 demo 0.01% awakeBodies 1763 softAwake 3 snaps 92 evSnaps 317 frac 8 cracks 45 yields 136 hangs 0 relieved 0 frozen 0 anPending 2 anMax 3252.1 maxStep 373.7",
  "t=4s phys 40.18 after 38.77 soft 3.33 ms | welds 13476 pieces 6882 demo 34.78% awakeBodies 2769 softAwake 2 snaps 1701 evSnaps 3179 frac 28 cracks 98 yields 1439 hangs 0 relieved 0 frozen 0 anPending 2 anMax 3252.1 maxStep 191.3",
  "t=6s phys 71.98 after 35.70 soft 2.65 ms | welds 12803 pieces 7379 demo 45.15% awakeBodies 3263 softAwake 2 snaps 2629 evSnaps 4459 frac 240 cracks 98 yields 2340 hangs 0 relieved 0 frozen 3 anPending 0 anMax 3252.1 maxStep 430.6",
  "t=8s phys 119.66 after 50.85 soft 3.05 ms | welds 11751 pieces 6801 demo 46.21% awakeBodies 3949 softAwake 1 snaps 3795 evSnaps 5769 frac 528 cracks 98 yields 3859 hangs 2 relieved 0 frozen 7 anPending 6 anMax 3252.1 maxStep 287.7",
  "t=10s phys 97.65 after 42.74 soft 1.04 ms | welds 10603 pieces 7004 demo 46.27% awakeBodies 4132 softAwake 2 snaps 5095 evSnaps 7320 frac 865 cracks 98 yields 5440 hangs 2 relieved 0 frozen 7 anPending 7 anMax 3252.1 maxStep 314.1",
  "t=12s phys 110.46 after 39.98 soft 1.53 ms | welds 10341 pieces 6876 demo 46.75% awakeBodies 3988 softAwake 1 snaps 5381 evSnaps 7487 frac 995 cracks 98 yields 5675 hangs 2 relieved 0 frozen 12 anPending 6 anMax 3252.1 maxStep 307.5",
  "t=14s phys 71.38 after 26.12 soft 1.04 ms | welds 10312 pieces 6831 demo 46.87% awakeBodies 3921 softAwake 2 snaps 5399 evSnaps 7527 frac 1003 cracks 98 yields 5706 hangs 2 relieved 0 frozen 12 anPending 2 anMax 3252.1 maxStep 193.6",
  "t=16s phys 69.96 after 25.63 soft 1.24 ms | welds 10305 pieces 6829 demo 46.90% awakeBodies 3889 softAwake 1 snaps 5404 evSnaps 7549 frac 1003 cracks 98 yields 5724 hangs 2 relieved 0 frozen 12 anPending 1 anMax 3252.1 maxStep 180.6",
  "t=18s phys 82.36 after 24.27 soft 1.35 ms | welds 10304 pieces 6828 demo 46.90% awakeBodies 3896 softAwake 2 snaps 5405 evSnaps 7556 frac 1003 cracks 98 yields 5730 hangs 2 relieved 0 frozen 12 anPending 1 anMax 3252.1 maxStep 188.9",
  "t=20s phys 75.08 after 25.22 soft 0.86 ms | welds 10302 pieces 6825 demo 46.90% awakeBodies 3893 softAwake 2 snaps 5407 evSnaps 7562 frac 1003 cracks 98 yields 5734 hangs 2 relieved 0 frozen 12 anPending 0 anMax 3252.1 maxStep 164.6"
 ]
}
RESULT {"weldsLost":3702,"runaways":9,"awakeAtEnd":3884,"awakeMachine":3884,"awakeOther":0,"fingerprint":"93c1201f161c6967"}
