WebSocket server error: Port 24678 is already in use
THREE.WARNING: Multiple instances of Three.js being imported.
Box3D: WARNING: complex mesh detected, triangle buffer capacity of 256 reached
JOINTTYPES {"1":265,"4":13,"5":6,"7":7926} filter 0
  mode noafter  40 awake 3374 knocked 0
  mode noafter  80 awake 3372 knocked 0
  mode noafter  120 awake 3372 knocked 0
  mode noafter  160 awake 3373 knocked 0
  mode noafter  200 awake 3373 knocked 0
  mode noafter  240 awake 3372 knocked 0
  mode noafter  280 awake 3372 knocked 0
  mode noafter  320 awake 3372 knocked 0
  mode noafter  360 awake 3654 knocked 0
  mode noafter  400 awake 3654 knocked 0
  mode noafter  440 awake 3656 knocked 0
  mode noafter  480 awake 3656 knocked 0
  mode noafter  520 awake 3656 knocked 0
  mode noafter  560 awake 3656 knocked 0
  mode noafter  600 awake 3656 knocked 0
STEPLOG [[559,0,0,0,0,0],[546,0,0,0,0,0],[543,0,0,0,0,0],[546,0,0,0,0,0],[526,0,0,0,0,0],[524,0,0,0,0,0],[515,0,0,0,0,0],[488,0,0,0,0,0],[467,0,0,0,0,0],[467,0,0,0,0,0],[439,0,0,0,0,0],[412,0,0,0,0,0],[388,0,0,0,0,0],[389,0,0,0,0,0],[398,0,0,0,0,0],[376,0,0,0,0,0],[369,0,0,0,0,0],[362,0,0,0,0,0],[411,0,0,0,0,0],[436,0,0,0,0,0],[527,0,0,0,0,0],[585,0,0,0,0,0],[596,0,0,0,0,0],[587,0,0,0,0,0],[569,0,0,0,0,0],[520,0,0,0,0,0],[483,0,0,0,0,0],[455,0,0,0,0,0],[433,0,0,0,0,0],[405,0,0,0,0,0],[409,0,0,0,0,0],[380,0,0,0,0,0],[371,0,0,0,0,0],[351,0,0,0,0,0],[352,0,0,0,0,0],[331,0,0,0,0,0],[328,0,0,0,0,0],[317,0,0,0,0,0],[337,0,0,0,0,0],[344,0,0,0,0,0],[324,0,0,0,0,0],[307,0,0,0,0,0],[285,0,0,0,0,0],[289,0,0,0,0,0],[281,0,0,0,0,0],[274,0,0,0,0,0],[266,0,0,0,0,0],[261,0,0,0,0,0],[271,0,0,0,0,0],[258,0,0,0,0,0],[235,0,0,0,0,0],[228,0,0,0,0,0],[218,0,0,0,0,0],[214,0,0,0,0,0],[200,0,0,0,0,0],[184,0,0,0,0,0],[208,0,0,0,0,0],[237,0,0,0,0,0],[229,0,0,0,0,0],[230,0,0,0,0,0],[246,0,0,0,0,0],[240,0,0,0,0,0],[239,0,0,0,0,0],[225,0,0,0,0,0],[189,0,0,0,0,0],[192,0,0,0,0,0],[207,0,0,0,0,0],[208,0,0,0,0,0],[249,0,0,0,0,0],[235,0,0,0,0,0],[201,0,0,0,0,0],[190,0,0,0,0,0],[193,0,0,0,0,0],[173,0,0,0,0,0],[146,0,0,0,0,0],[129,0,0,0,0,0],[121,0,0,0,0,0],[115,0,0,0,0,0],[107,0,0,0,0,0],[100,0,0,0,0,0],[107,0,0,0,0,0],[111,0,0,0,0,0],[105,0,0,0,0,0],[93,0,0,0,0,0],[88,0,0,0,0,0],[90,0,0,0,0,0],[96,0,0,0,0,0],[100,0,0,0,0,0],[74,0,0,0,0,0],[93,0,0,0,0,0],[83,0,0,0,0,0],[101,0,0,0,0,0],[86,0,0,0,0,0],[92,0,0,0,0,0],[85,0,0,0,0,0],[99,0,0,0,0,0],[93,0,0,0,0,0],[77,0,0,0,0,0],[81,0,0,0,0,0],[70,0,0,0,0,0],[65,0,0,0,0,0],[64,0,0,0,0,0],[64,0,0,0,0,0],[50,0,0,0,0,0],[65,0,0,0,0,0],[62,0,0,0,0,0],[71,0,0,0,0,0],[66,0,0,0,0,0],[56,0,0,0,0,0],[44,0,0,0,0,0],[49,0,0,0,0,0],[48,0,0,0,0,0],[42,0,0,0,0,0],[42,0,0,0,0,0],[52,0,0,0,0,0],[44,0,0,0,0,0],[53,0,0,0,0,0],[51,0,0,0,0,0],[40,0,0,0,0,0],[47,0,0,0,0,0],[55,0,0,0,0,0],[55,0,0,0,0,0],[58,0,0,0,0,0],[72,0,0,0,0,0],[55,0,0,0,0,0],[66,0,0,0,0,0],[70,0,0,0,0,0],[66,0,0,0,0,0],[62,0,0,0,0,0],[49,0,0,0,0,0],[42,0,0,0,0,0],[41,0,0,0,0,0],[39,0,0,0,0,0],[35,0,0,0,0,0],[92,0,0,0,0,0],[88,0,0,0,0,0],[100,0,0,0,0,0],[79,0,0,0,0,0],[63,0,0,0,0,0],[40,0,0,0,0,0],[47,0,0,0,0,0],[50,0,0,0,0,0],[39,0,0,0,0,0],[34,0,0,0,0,0],[41,0,0,0,0,0],[32,0,0,0,0,0],[45,0,0,0,0,0],[46,0,0,0,0,0],[66,0,0,0,0,0],[55,0,0,0,0,0],[56,0,0,0,0,0],[60,0,0,0,0,0],[49,0,0,0,0,0],[41,0,0,0,0,0],[34,0,0,0,0,0],[68,0,0,0,0,0],[69,0,0,0,0,0],[76,0,0,0,0,0],[91,0,0,0,0,0],[109,0,0,0,0,0],[123,0,0,0,0,0],[127,0,0,0,0,0],[124,0,0,0,0,0],[131,0,0,0,0,0],[140,0,0,0,0,0],[136,0,0,0,0,0],[140,0,0,0,0,0],[149,0,0,0,0,0],[154,0,0,0,0,0],[153,0,0,0,0,0],[163,0,0,0,0,0],[148,0,0,0,0,0],[170,0,0,0,0,0],[170,0,0,0,0,0],[168,0,0,0,0,0],[168,0,0,0,0,0],[154,0,0,0,0,0],[143,0,0,0,0,0],[147,0,0,0,0,0],[151,0,0,0,0,0],[147,0,0,0,0,0],[151,0,0,0,0,0],[172,0,0,0,0,0],[158,0,0,0,0,0],[146,0,0,0,0,0],[152,0,0,0,0,0],[153,0,0,0,0,0],[159,0,0,0,0,0],[163,0,0,0,0,0],[156,0,0,0,0,0],[147,0,0,0,0,0],[138,0,0,0,0,0],[160,0,0,0,0,0],[131,0,0,0,0,0],[140,0,0,0,0,0],[122,0,0,0,0,0],[123,0,0,0,0,0],[124,0,0,0,0,0],[119,0,0,0,0,0],[118,0,0,0,0,0],[147,0,0,0,0,0],[118,0,0,0,0,0],[107,0,0,0,0,0],[89,0,0,0,0,0],[80,0,0,0,0,0],[75,0,0,0,0,0],[77,0,0,0,0,0],[68,0,0,0,0,0],[67,0,0,0,0,0],[58,0,0,0,0,0],[64,0,0,0,0,0],[60,0,0,0,0,0],[81,0,0,0,0,0],[61,0,0,0,0,0],[52,0,0,0,0,0],[52,0,0,0,0,0],[51,0,0,0,0,0],[40,0,0,0,0,0],[82,0,0,0,0,0],[83,0,0,0,0,0],[64,0,0,0,0,0],[60,0,0,0,0,0],[59,0,0,0,0,0],[47,0,0,0,0,0],[72,0,0,0,0,0],[77,0,0,0,0,0],[56,0,0,0,0,0],[56,0,0,0,0,0],[41,0,0,0,0,0],[38,0,0,0,0,0],[42,0,0,0,0,0],[37,0,0,0,0,0],[41,0,0,0,0,0],[38,0,0,0,0,0],[41,0,0,0,0,0],[34,0,0,0,0,0],[30,0,0,0,0,0],[25,0,0,0,0,0],[28,0,0,0,0,0],[28,0,0,0,0,0],[27,0,0,0,0,0],[27,0,0,0,0,0],[30,0,0,0,0,0],[54,0,0,0,0,0],[65,0,0,0,0,0],[58,0,0,0,0,0],[49,0,0,0,0,0],[49,0,0,0,0,0],[48,0,0,0,0,0],[35,0,0,0,0,0],[35,0,0,0,0,0],[42,0,0,0,0,0],[35,0,0,0,0,0],[39,0,0,0,0,0],[45,0,0,0,0,0],[35,0,0,0,0,0],[41,0,0,0,0,0],[45,0,0,0,0,0],[53,0,0,0,0,0],[44,0,0,0,0,0],[41,0,0,0,0,0],[29,0,0,0,0,0],[32,0,0,0,0,0],[31,0,0,0,0,0],[35,0,0,0,0,0],[27,0,0,0,0,0],[54,0,0,0,0,0],[64,0,0,0,0,0],[62,0,0,0,0,0],[58,0,0,0,0,0],[54,0,0,0,0,0],[51,0,0,0,0,0],[59,0,0,0,0,0],[43,0,0,0,0,0],[45,0,0,0,0,0],[41,0,0,0,0,0],[34,0,0,0,0,0],[38,0,0,0,0,0],[53,0,0,0,0,0],[39,0,0,0,0,0],[46,0,0,0,0,0],[46,0,0,0,0,0],[51,0,0,0,0,0],[52,0,0,0,0,0],[44,0,0,0,0,0],[36,0,0,0,0,0],[35,0,0,0,0,0],[37,0,0,0,0,0],[28,0,0,0,0,0],[38,0,0,0,0,0],[35,0,0,0,0,0],[39,0,0,0,0,0],[48,0,0,0,0,0],[44,0,0,0,0,0],[39,0,0,0,0,0],[36,0,0,0,0,0],[36,0,0,0,0,0],[32,0,0,0,0,0],[38,0,0,0,0,0],[23,0,0,0,0,0],[21,0,0,0,0,0],[21,0,0,0,0,0],[25,0,0,0,0,0],[18,0,0,0,0,0],[23,0,0,0,0,0],[22,0,0,0,0,0],[15,0,0,0,0,0],[19,0,0,0,0,0],[25,0,0,0,0,0],[15,0,0,0,0,0],[20,0,0,0,0,0],[25,0,0,0,0,0],[21,0,0,0,0,0],[25,0,0,0,0,0],[25,0,0,0,0,0],[23,0,0,0,0,0],[23,0,0,0,0,0],[23,0,0,0,0,0],[20,0,0,0,0,0],[29,0,0,0,0,0],[28,0,0,0,0,0],[22,0,0,0,0,0],[26,0,0,0,0,0],[18,0,0,0,0,0],[23,0,0,0,0,0],[16,0,0,0,0,0],[21,0,0,0,0,0],[15,0,0,0,0,0],[22,0,0,0,0,0],[17,0,0,0,0,0],[16,0,0,0,0,0],[21,0,0,0,0,0],[15,0,0,0,0,0],[18,0,0,0,0,0],[27,0,0,0,0,0],[20,0,0,0,0,0],[23,0,0,0,0,0],[28,0,0,0,0,0],[18,0,0,0,0,0],[22,0,0,0,0,0],[26,0,0,0,0,0],[18,0,0,0,0,0],[26,0,0,0,0,0],[29,0,0,0,0,0],[25,0,0,0,0,0],[30,0,0,0,0,0],[29,0,0,0,0,0],[29,0,0,0,0,0],[20,0,0,0,0,0],[23,0,0,0,0,0],[27,0,0,0,0,0],[26,0,0,0,0,0],[19,0,0,0,0,0],[20,0,0,0,0,0],[23,0,0,0,0,0],[26,0,0,0,0,0],[26,0,0,0,0,0],[38,0,0,0,0,0],[24,0,0,0,0,0],[26,0,0,0,0,0],[34,0,0,0,0,0],[27,0,0,0,0,0],[20,0,0,0,0,0],[34,0,0,0,0,0],[26,0,0,0,0,0],[27,0,0,0,0,0],[36,0,0,0,0,0],[24,0,0,0,0,0],[32,0,0,0,0,0],[35,0,0,0,0,0],[26,0,0,0,0,0],[27,0,0,0,0,0],[25,0,0,0,0,0],[24,0,0,0,0,0],[23,0,0,0,0,0],[24,0,0,0,0,0],[18,0,0,0,0,0],[20,0,0,0,0,0],[20,0,0,0,0,0],[16,0,0,0,0,0],[19,0,0,0,0,0],[22,0,0,0,0,0],[16,0,0,0,0,0],[21,0,0,0,0,0],[22,0,0,0,0,0],[18,0,0,0,0,0],[25,0,0,0,0,0],[27,0,0,0,0,0],[21,0,0,0,0,0],[24,0,0,0,0,0],[29,0,0,0,0,0],[22,0,0,0,0,0],[27,0,0,0,0,0],[29,0,0,0,0,0],[21,0,0,0,0,0],[23,0,0,0,0,0],[24,0,0,0,0,0],[19,0,0,0,0,0],[18,0,0,0,0,0],[23,0,0,0,0,0],[17,0,0,0,0,0],[17,0,0,0,0,0],[22,0,0,0,0,0],[14,0,0,0,0,0],[20,0,0,0,0,0],[21,0,0,0,0,0],[22,0,0,0,0,0],[18,0,0,0,0,0],[24,0,0,0,0,0],[18,0,0,0,0,0],[24,0,0,0,0,0],[23,0,0,0,0,0],[18,0,0,0,0,0],[20,0,0,0,0,0],[26,0,0,0,0,0],[22,0,0,0,0,0],[30,0,0,0,0,0],[29,0,0,0,0,0],[20,0,0,0,0,0],[25,0,0,0,0,0],[28,0,0,0,0,0],[16,0,0,0,0,0],[19,0,0,0,0,0],[23,0,0,0,0,0],[14,0,0,0,0,0],[18,0,0,0,0,0],[21,0,0,0,0,0],[14,0,0,0,0,0],[19,0,0,0,0,0],[17,0,0,0,0,0],[14,0,0,0,0,0],[18,0,0,0,0,0],[19,0,0,0,0,0],[17,0,0,0,0,0],[23,0,0,0,0,0],[26,0,0,0,0,0],[22,0,0,0,0,0],[24,0,0,0,0,0],[22,0,0,0,0,0],[24,0,0,0,0,0],[24,0,0,0,0,0],[29,0,0,0,0,0],[25,0,0,0,0,0],[23,0,0,0,0,0],[25,0,0,0,0,0],[19,0,0,0,0,0],[19,0,0,0,0,0],[17,0,0,0,0,0],[13,0,0,0,0,0],[22,0,0,0,0,0],[20,0,0,0,0,0],[16,0,0,0,0,0],[17,0,0,0,0,0],[18,0,0,0,0,0],[11,0,0,0,0,0],[20,0,0,0,0,0],[19,0,0,0,0,0],[16,0,0,0,0,0],[23,0,0,0,0,0],[22,0,0,0,0,0],[17,0,0,0,0,0],[22,0,0,0,0,0],[25,0,0,0,0,0],[20,0,0,0,0,0],[23,0,0,0,0,0],[27,0,0,0,0,0],[20,0,0,0,0,0],[21,0,0,0,0,0],[24,0,0,0,0,0],[18,0,0,0,0,0],[19,0,0,0,0,0],[14,0,0,0,0,0],[17,0,0,0,0,0],[18,0,0,0,0,0],[16,0,0,0,0,0],[14,0,0,0,0,0],[17,0,0,0,0,0],[16,0,0,0,0,0],[16,0,0,0,0,0],[17,0,0,0,0,0],[17,0,0,0,0,0],[16,0,0,0,0,0],[22,0,0,0,0,0],[24,0,0,0,0,0],[21,0,0,0,0,0],[23,0,0,0,0,0],[19,0,0,0,0,0],[13,0,0,0,0,0],[22,0,0,0,0,0],[25,0,0,0,0,0],[16,0,0,0,0,0],[25,0,0,0,0,0],[22,0,0,0,0,0],[19,0,0,0,0,0],[19,0,0,0,0,0],[17,0,0,0,0,0],[14,0,0,0,0,0],[17,0,0,0,0,0],[13,0,0,0,0,0],[11,0,0,0,0,0],[14,0,0,0,0,0],[13,0,0,0,0,0],[10,0,0,0,0,0],[15,0,0,0,0,0],[14,0,0,0,0,0],[10,0,0,0,0,0],[13,0,0,0,0,0],[16,0,0,0,0,0],[15,0,0,0,0,0],[20,0,0,0,0,0],[22,0,0,0,0,0],[15,0,0,0,0,0],[16,0,0,0,0,0],[22,0,0,0,0,0],[16,0,0,0,0,0],[21,0,0,0,0,0],[23,0,0,0,0,0],[15,0,0,0,0,0],[22,0,0,0,0,0],[20,0,0,0,0,0],[15,0,0,0,0,0],[19,0,0,0,0,0],[16,0,0,0,0,0],[14,0,0,0,0,0],[17,0,0,0,0,0],[16,0,0,0,0,0],[10,0,0,0,0,0],[16,0,0,0,0,0],[14,0,0,0,0,0],[10,0,0,0,0,0],[14,0,0,0,0,0],[17,0,0,0,0,0],[14,0,0,0,0,0],[18,0,0,0,0,0],[23,0,0,0,0,0],[17,0,0,0,0,0],[19,0,0,0,0,0],[17,0,0,0,0,0],[13,0,0,0,0,0],[16,0,0,0,0,0],[17,0,0,0,0,0],[18,0,0,0,0,0],[17,0,0,0,0,0],[14,0,0,0,0,0],[12,0,0,0,0,0],[20,0,0,0,0,0],[15,0,0,0,0,0],[10,0,0,0,0,0],[10,0,0,0,0,0],[11,0,0,0,0,0],[9,0,0,0,0,0],[14,0,0,0,0,0],[14,0,0,0,0,0],[10,0,0,0,0,0],[12,0,0,0,0,0],[16,0,0,0,0,0],[13,0,0,0,0,0],[18,0,0,0,0,0],[17,0,0,0,0,0],[18,0,0,0,0,0],[14,0,0,0,0,0],[15,0,0,0,0,0],[12,0,0,0,0,0],[17,0,0,0,0,0],[17,0,0,0,0,0],[15,0,0,0,0,0],[15,0,0,0,0,0],[12,0,0,0,0,0],[8,0,0,0,0,0],[12,0,0,0,0,0],[15,0,0,0,0,0],[11,0,0,0,0,0],[12,0,0,0,0,0],[14,0,0,0,0,0],[10,0,0,0,0,0],[12,0,0,0,0,0],[11,0,0,0,0,0],[10,0,0,0,0,0],[14,0,0,0,0,0],[13,0,0,0,0,0],[12,0,0,0,0,0],[13,0,0,0,0,0],[16,0,0,0,0,0],[14,0,0,0,0,0],[15,0,0,0,0,0],[13,0,0,0,0,0],[12,0,0,0,0,0],[16,0,0,0,0,0],[16,0,0,0,0,0],[13,0,0,0,0,0],[15,0,0,0,0,0],[16,0,0,0,0,0],[13,0,0,0,0,0],[16,0,0,0,0,0],[16,0,0,0,0,0],[10,0,0,0,0,0],[11,0,0,0,0,0],[12,0,0,0,0,0],[7,0,0,0,0,0],[17,0,0,0,0,0]]
OVERAVG 80.58333333333333 distinct 1380
KEEPERS [{"id":2347,"n":600,"max":17.1,"mat":"castiron","welds":0,"burning":false,"char":0,"dem":true,"vol":0.272,"y":22.87,"type":{},"net":5.771,"path":7.421,"jt":"1","ropes":1,"rebars":0,"hinged":false,"buried":0,"joints":1,"temp":20,"heatK":1,"thr":0.07,"x":-15.8,"z":-65.6,"frag":0},{"id":13670,"n":600,"max":849.5,"mat":"rconcrete","welds":1,"burning":false,"char":0,"dem":true,"vol":0.3,"y":-269.88,"type":{},"net":270.694,"path":276.771,"jt":"7","ropes":0,"rebars":0,"hinged":false,"buried":0,"joints":1,"temp":20,"heatK":1,"thr":0.07,"x":-29.7,"z":-21.1,"frag":1},{"id":13672,"n":599,"max":856.4,"mat":"rconcrete","welds":1,"burning":false,"char":0,"dem":true,"vol":1.415,"y":-269.02,"type":{},"net":269.73,"path":270.508,"jt":"7","ropes":0,"rebars":0,"hinged":false,"buried":0,"joints":1,"temp":20,"heatK":1,"thr":0.07,"x":-28.5,"z":-21.1,"frag":1},{"id":10535,"n":520,"max":1083.2,"mat":"steel","welds":0,"burning":false,"char":0,"dem":true,"vol":0.004,"y":3.57,"type":{},"net":0.421,"path":1.195,"jt":"","ropes":0,"rebars":0,"hinged":false,"buried":0,"joints":0,"temp":20,"heatK":1,"thr":0.05,"x":-78.9,"z":-48.2,"frag":0},{"id":7619,"n":495,"max":710.5,"mat":"steel","welds":0,"burning":false,"char":0,"dem":true,"vol":0.004,"y":1.18,"type":{},"net":0.144,"path":0.466,"jt":"","ropes":0,"rebars":0,"hinged":false,"buried":0,"joints":0,"temp":20,"heatK":1,"thr":0.05,"x":-73.9,"z":-41.7,"frag":0},{"id":1740,"n":494,"max":23.3,"mat":"stone","welds":0,"burning":false,"char":0,"dem":true,"vol":0.858,"y":0.55,"type":{},"net":0.047,"path":0.375,"jt":"","ropes":0,"rebars":0,"hinged":false,"buried":0,"joints":0,"temp":20,"heatK":1,"thr":0.07,"x":-77.7,"z":-1.8,"frag":0},{"id":11883,"n":475,"max":19,"mat":"stone","welds":0,"burning":false,"char":0,"dem":true,"vol":0.755,"y":0.41,"type":{},"net":0.022,"path":0.28,"jt":"","ropes":0,"rebars":0,"hinged":false,"buried":0,"joints":0,"temp":20,"heatK":1,"thr":0.07,"x":-77.2,"z":-2.6,"frag":1},{"id":9745,"n":456,"max":663.3,"mat":"steel","welds":0,"burning":false,"char":0,"dem":true,"vol":0.004,"y":2.16,"type":{},"net":0.151,"path":0.649,"jt":"","ropes":0,"rebars":0,"hinged":false,"buried":0,"joints":0,"temp":20,"heatK":1,"thr":0.1,"x":-73.4,"z":-47.7,"frag":0},{"id":7063,"n":446,"max":85.6,"mat":"rconcrete","welds":0,"burning":false,"char":0,"dem":false,"vol":2.838,"y":-3.57,"type":{},"net":0.058,"path":1.059,"jt":"","ropes":0,"rebars":0,"hinged":false,"buried":0,"joints":0,"temp":34,"heatK":1,"thr":0.07,"x":-63.5,"z":-40.7,"frag":1},{"id":10792,"n":438,"max":599.3,"mat":"concrete","welds":0,"burning":false,"char":0,"dem":true,"vol":0.012,"y":-186.87,"type":{},"net":186.911,"path":186.961,"jt":"","ropes":0,"rebars":0,"hinged":false,"buried":0,"joints":0,"temp":20,"heatK":1,"thr":0.1,"x":-78.6,"z":-46.2,"frag":0},{"id":13416,"n":405,"max":31.7,"mat":"rconcrete","welds":0,"burning":false,"char":0,"dem":true,"vol":1.543,"y":-2.47,"type":{},"net":0.253,"path":2.025,"jt":"","ropes":0,"rebars":0,"hinged":false,"buried":0,"joints":0,"temp":24,"heatK":1,"thr":0.07,"x":-66.1,"z":-40.7,"frag":1},{"id":12187,"n":405,"max":3.1,"mat":"stone","welds":0,"burning":false,"char":0,"dem":true,"vol":2.882,"y":0.89,"type":{},"net":0.005,"path":0.441,"jt":"","ropes":0,"rebars":0,"hinged":false,"buried":0,"joints":0,"temp":20,"heatK":1,"thr":0.07,"x":-78.6,"z":-2.7,"frag":1},{"id":10775,"n":389,"max":596.4,"mat":"steel","welds":0,"burning":false,"char":0,"dem":true,"vol":0.004,"y":5.16,"type":{},"net":0.089,"path":0.212,"jt":"","ropes":0,"rebars":0,"hinged":false,"buried":0,"joints":0,"temp":541,"heatK":0.66,"thr":0.05,"x":-63.5,"z":-43.2,"frag":0},{"id":8610,"n":387,"max":12,"mat":"steel","welds":0,"burning":false,"char":0,"dem":true,"vol":0.004,"y":0.22,"type":{},"net":0.002,"path":0.052,"jt":"","ropes":0,"rebars":0,"hinged":false,"buried":0,"joints":0,"temp":42,"heatK":1,"thr":0.4,"x":-53.9,"z":-79.3,"frag":0},{"id":8404,"n":361,"max":40.5,"mat":"rconcrete","welds":0,"burning":false,"char":0,"dem":false,"vol":7.48,"y":-3.44,"type":{},"net":0.093,"path":1.282,"jt":"1","ropes":0,"rebars":1,"hinged":false,"buried":0,"joints":1,"temp":20,"heatK":1,"thr":0.07,"x":-70.9,"z":-41.8,"frag":1},{"id":9223,"n":335,"max":45.8,"mat":"steel","welds":0,"burning":false,"char":0,"dem":true,"vol":0.004,"y":3.43,"type":{},"net":0.042,"path":0.887,"jt":"","ropes":0,"rebars":0,"hinged":false,"buried":0,"joints":0,"temp":615,"heatK":0.48,"thr":0.4,"x":-47.9,"z":-53.3,"frag":0},{"id":13417,"n":329,"max":24.1,"mat":"rconcrete","welds":0,"burning":false,"char":0,"dem":true,"vol":4.754,"y":-2.18,"type":{},"net":0.041,"path":1.142,"jt":"","ropes":0,"rebars":0,"hinged":false,"buried":0,"joints":0,"temp":20,"heatK":1,"thr":0.07,"x":-70.8,"z":-40.3,"frag":1},{"id":3144,"n":326,"max":433.2,"mat":"pvc","welds":0,"burning":true,"char":0.38,"dem":true,"vol":0.026,"y":-2.15,"type":{},"net":0.239,"path":1.576,"jt":"","ropes":0,"rebars":0,"hinged":false,"buried":0,"joints":0,"temp":600,"heatK":0.1,"thr":0.07,"x":-57.3,"z":-44.6,"frag":0},{"id":7136,"n":307,"max":177.3,"mat":"steel","welds":0,"burning":false,"char":0,"dem":true,"vol":0.004,"y":1.98,"type":{},"net":0.006,"path":0.994,"jt":"","ropes":0,"rebars":0,"hinged":false,"buried":0,"joints":0,"temp":605,"heatK":0.55,"thr":0.4,"x":-47.6,"z":-54.9,"frag":0},{"id":10490,"n":306,"max":157,"mat":"steel","welds":0,"burning":false,"char":0,"dem":true,"vol":0.004,"y":3.21,"type":{},"net":0.276,"path":0.448,"jt":"","ropes":0,"rebars":0,"hinged":false,"buried":0,"joints":0,"temp":20,"heatK":1,"thr":0.4,"x":-77.3,"z":-65.2,"frag":0},{"id":10546,"n":303,"max":82.2,"mat":"steel","welds":0,"burning":false,"char":0,"dem":true,"vol":0.004,"y":0.92,"type":{},"net":0.021,"path":0.294,"jt":"","ropes":0,"rebars":0,"hinged":false,"buried":0,"joints":0,"temp":20,"heatK":1,"thr":0.4,"x":-73,"z":-45.9,"frag":0},{"id":7996,"n":295,"max":3.3,"mat":"aluminum","welds":0,"burning":false,"char":0,"dem":true,"vol":6.309,"y":0.17,"type":{},"net":0.004,"path":0.341,"jt":"","ropes":0,"rebars":0,"hinged":false,"buried":0,"joints":0,"temp":149,"heatK":0.91,"thr":0.4,"x":-65.8,"z":-83.1,"frag":0},{"id":9814,"n":284,"max":109.7,"mat":"steel","welds":0,"burning":false,"char":0,"dem":true,"vol":0.004,"y":1.63,"type":{},"net":0.042,"path":0.324,"jt":"","ropes":0,"rebars":0,"hinged":false,"buried":0,"joints":0,"temp":20,"heatK":1,"thr":0.4,"x":-72.8,"z":-42.2,"frag":0},{"id":9604,"n":267,"max":103.1,"mat":"steel","welds":0,"burning":false,"char":0,"dem":true,"vol":0.004,"y":1.77,"type":{},"net":0.066,"path":0.241,"jt":"","ropes":0,"rebars":0,"hinged":false,"buried":0,"joints":0,"temp":20,"heatK":1,"thr":0.4,"x":-70.9,"z":-44.1,"frag":0},{"id":7917,"n":263,"max":2.6,"mat":"aluminum","welds":0,"burning":false,"char":0,"dem":true,"vol":1.064,"y":0.37,"type":{},"net":0.06,"path":0.43,"jt":"","ropes":0,"rebars":0,"hinged":false,"buried":0,"joints":0,"temp":21,"heatK":1,"thr":0.4,"x":-59.5,"z":-88.2,"frag":0},{"id":9225,"n":262,"max":63.7,"mat":"steel","welds":0,"burning":false,"char":0,"dem":true,"vol":0.004,"y":2.12,"type":{},"net":0.007,"path":1.741,"jt":"","ropes":0,"rebars":0,"hinged":false,"buried":0,"joints":0,"temp":20,"heatK":1,"thr":0.4,"x":-70.6,"z":-66.7,"frag":0},{"id":8924,"n":235,"max":2.1,"mat":"rconcrete","welds":0,"burning":false,"char":0,"dem":true,"vol":0.832,"y":0.61,"type":{},"net":0.064,"path":0.156,"jt":"1","ropes":0,"rebars":1,"hinged":false,"buried":0,"joints":1,"temp":21,"heatK":1,"thr":0.07,"x":-62.5,"z":-82,"frag":1},{"id":8923,"n":234,"max":2.9,"mat":"rconcrete","welds":0,"burning":false,"char":0,"dem":true,"vol":0.372,"y":0.66,"type":{},"net":0.105,"path":0.161,"jt":"1,1","ropes":0,"rebars":2,"hinged":false,"buried":0,"joints":2,"temp":24,"heatK":1,"thr":0.07,"x":-63.3,"z":-82.4,"frag":1},{"id":10155,"n":226,"max":38.4,"mat":"steel","welds":0,"burning":false,"char":0,"dem":true,"vol":0.004,"y":1.31,"type":{},"net":0.084,"path":0.216,"jt":"","ropes":0,"rebars":0,"hinged":false,"buried":0,"joints":0,"temp":20,"heatK":1,"thr":0.4,"x":-75.6,"z":-44.8,"frag":0},{"id":9030,"n":224,"max":3.4,"mat":"aluminum","welds":0,"burning":false,"char":0,"dem":true,"vol":2.591,"y":0.59,"type":{},"net":0.053,"path":0.26,"jt":"","ropes":0,"rebars":0,"hinged":false,"buried":0,"joints":0,"temp":21,"heatK":1,"thr":0.4,"x":-57.7,"z":-86.9,"frag":0},{"id":5994,"n":222,"max":60.6,"mat":"rconcrete","welds":0,"burning":false,"char":0,"dem":true,"vol":0.84,"y":-0.04,"type":{},"net":0.042,"path":0.137,"jt":"1","ropes":0,"rebars":1,"hinged":false,"buried":0,"joints":1,"temp":637,"heatK":1,"thr":0.07,"x":-62.6,"z":-52.9,"frag":0},{"id":9777,"n":218,"max":93.9,"mat":"steel","welds":0,"burning":false,"char":0,"dem":true,"vol":0.004,"y":3.06,"type":{},"net":0.016,"path":0.036,"jt":"","ropes":0,"rebars":0,"hinged":false,"buried":0,"joints":0,"temp":20,"heatK":1,"thr":0.05,"x":-64.1,"z":-66.5,"frag":0},{"id":7403,"n":215,"max":3,"mat":"aluminum","welds":0,"burning":false,"char":0,"dem":true,"vol":10.104,"y":0.31,"type":{},"net":0.004,"path":0.077,"jt":"","ropes":0,"rebars":0,"hinged":false,"buried":0,"joints":0,"temp":29,"heatK":1,"thr":0.4,"x":-61.3,"z":-86.9,"frag":0},{"id":13400,"n":215,"max":71.5,"mat":"rconcrete","welds":0,"burning":false,"char":0,"dem":true,"vol":0.515,"y":0.81,"type":{},"net":0.773,"path":1.92,"jt":"","ropes":0,"rebars":0,"hinged":false,"buried":0,"joints":0,"temp":20,"heatK":1,"thr":0.07,"x":-51.7,"z":-61.1,"frag":1},{"id":5671,"n":215,"max":98,"mat":"rconcrete","welds":0,"burning":false,"char":0,"dem":true,"vol":0.811,"y":-2.93,"type":{},"net":0.027,"path":0.364,"jt":"1,1","ropes":0,"rebars":2,"hinged":false,"buried":0,"joints":2,"temp":174,"heatK":1,"thr":0.07,"x":-65.2,"z":-55,"frag":1},{"id":7544,"n":213,"max":3.5,"mat":"aluminum","welds":0,"burning":false,"char":0,"dem":true,"vol":10.104,"y":1.17,"type":{},"net":0.034,"path":0.116,"jt":"","ropes":0,"rebars":0,"hinged":false,"buried":0,"joints":0,"temp":126,"heatK":0.95,"thr":0.4,"x":-59.2,"z":-81.8,"frag":0},{"id":6387,"n":209,"max":19.8,"mat":"rconcrete","welds":0,"burning":false,"char":0,"dem":true,"vol":0.745,"y":-2.69,"type":{},"net":0.145,"path":0.742,"jt":"","ropes":0,"rebars":0,"hinged":false,"buried":0,"joints":0,"temp":78,"heatK":1,"thr":0.4,"x":-62,"z":-41.5,"frag":0},{"id":8403,"n":208,"max":35.9,"mat":"rconcrete","welds":0,"burning":false,"char":0,"dem":false,"vol":8.245,"y":-3.26,"type":{},"net":0.048,"path":0.391,"jt":"1","ropes":0,"rebars":1,"hinged":false,"buried":0,"joints":1,"temp":20,"heatK":1,"thr":0.07,"x":-70.9,"z":-45.8,"frag":1},{"id":9795,"n":208,"max":40.8,"mat":"aluminum","welds":0,"burning":false,"char":0,"dem":true,"vol":10.104,"y":2.22,"type":{},"net":1.403,"path":1.434,"jt":"","ropes":0,"rebars":0,"hinged":false,"buried":0,"joints":0,"temp":20,"heatK":1,"thr":0.4,"x":-64.6,"z":-76.2,"frag":0},{"id":10587,"n":204,"max":423.9,"mat":"steel","welds":0,"burning":false,"char":0,"dem":true,"vol":0.004,"y":1.98,"type":{},"net":0.033,"path":0.139,"jt":"","ropes":0,"rebars":0,"hinged":false,"buried":0,"joints":0,"temp":20,"heatK":1,"thr":0.1,"x":-82.3,"z":-70.5,"frag":0}]
{
 "map": "Downtown",
 "bpPieces": 5489,
 "buildMs": 20687,
 "start": {
  "pieces": 5489,
  "welds": 14004,
  "snaps": 0,
  "eventSnaps": 0,
  "fractures": 0,
  "cracks": 0,
  "buckles": 0,
  "yields": 0,
  "creepFails": 0,
  "fatigue": 0,
  "crushes": 0,
  "slips": 0,
  "delams": 0
 },
 "end": {
  "pieces": 6712,
  "welds": 7926,
  "snaps": 7500,
  "eventSnaps": 10770,
  "fractures": 1231,
  "cracks": 98,
  "buckles": 5,
  "yields": 6861,
  "creepFails": 0,
  "fatigue": 3,
  "crushes": 7,
  "slips": 316,
  "delams": 0
 },
 "weldsLostPct": 43.4,
 "demolitionPct": 57.958,
 "avgPhysMs": 215.683,
 "avgAfterMs": 88.547,
 "avgSoftMs": 5.268,
 "maxStepMs": 2576.6,
 "breakdownMsPerStep": {
  "svc": 5.761,
  "mech": 0.308,
  "fields": 7.285,
  "joints": 1.196,
  "analysis": 10.616
 },
 "machines": {
  "crane": {
   "awake": 288,
   "axes": 5,
   "running": 2
  },
  "office": {
   "awake": 1,
   "axes": 1,
   "running": 1
  },
  "store": {
   "awake": 3364,
   "axes": 2,
   "running": 0
  }
 },
 "runaways": 26,
 "pumped": 3292,
 "designIssues": 0,
 "softKinds": {
  "cloth:asleep": 20,
  "cloth:awake": 2
 },
 "perWin": [
  "t=2s phys 35.43 after 114.79 soft 19.43 ms | welds 14188 pieces 5872 demo 0.01% awakeBodies 1763 softAwake 3 snaps 92 evSnaps 317 frac 8 cracks 45 yields 136 hangs 0 relieved 0 frozen 0 anPending 2 anMax 4509.7 maxStep 2069.4",
  "t=4s phys 79.14 after 68.84 soft 4.88 ms | welds 13476 pieces 6882 demo 34.78% awakeBodies 2769 softAwake 2 snaps 1701 evSnaps 3179 frac 28 cracks 98 yields 1439 hangs 0 relieved 0 frozen 0 anPending 2 anMax 4509.7 maxStep 366.7",
  "t=6s phys 129.35 after 66.39 soft 5.77 ms | welds 12768 pieces 7308 demo 44.60% awakeBodies 3190 softAwake 2 snaps 2612 evSnaps 4408 frac 203 cracks 98 yields 2301 hangs 0 relieved 0 frozen 0 anPending 4 anMax 4509.7 maxStep 579.5",
  "t=8s phys 383.77 after 152.14 soft 6.15 ms | welds 11317 pieces 6845 demo 45.80% awakeBodies 3714 softAwake 1 snaps 4038 evSnaps 6559 frac 358 cracks 98 yields 4065 hangs 0 relieved 0 frozen 7 anPending 6 anMax 4509.7 maxStep 2576.6",
  "t=10s phys 570.94 after 203.51 soft 5.09 ms | welds 9000 pieces 7087 demo 46.97% awakeBodies 4184 softAwake 2 snaps 6315 evSnaps 9889 frac 537 cracks 98 yields 6381 hangs 11 relieved 0 frozen 25 anPending 6 anMax 4509.7 maxStep 2289.1",
  "t=12s phys 174.49 after 59.98 soft 2.35 ms | welds 8098 pieces 6773 demo 55.83% awakeBodies 3564 softAwake 1 snaps 7186 evSnaps 10510 frac 681 cracks 98 yields 6648 hangs 30 relieved 0 frozen 37 anPending 0 anMax 4509.7 maxStep 718.9",
  "t=14s phys 256.71 after 65.83 soft 2.60 ms | welds 8030 pieces 6710 demo 57.31% awakeBodies 3504 softAwake 2 snaps 7325 evSnaps 10592 frac 863 cracks 98 yields 6749 hangs 37 relieved 0 frozen 40 anPending 0 anMax 4509.7 maxStep 1571.0",
  "t=16s phys 186.66 after 44.23 soft 2.04 ms | welds 7960 pieces 6678 demo 57.77% awakeBodies 3845 softAwake 1 snaps 7460 evSnaps 10682 frac 999 cracks 98 yields 6793 hangs 38 relieved 0 frozen 40 anPending 0 anMax 4509.7 maxStep 1213.3",
  "t=18s phys 131.71 after 39.39 soft 2.05 ms | welds 7939 pieces 6710 demo 57.89% awakeBodies 3430 softAwake 2 snaps 7489 evSnaps 10732 frac 1119 cracks 98 yields 6829 hangs 38 relieved 0 frozen 40 anPending 0 anMax 4509.7 maxStep 536.0",
  "t=20s phys 208.63 after 70.36 soft 2.31 ms | welds 7926 pieces 6712 demo 57.96% awakeBodies 3389 softAwake 2 snaps 7500 evSnaps 10768 frac 1231 cracks 98 yields 6859 hangs 38 relieved 0 frozen 42 anPending 0 anMax 4509.7 maxStep 1403.1"
 ]
}
RESULT {"weldsLost":6078,"runaways":26,"awakeAtEnd":3656,"awakeMachine":3653,"awakeOther":3,"fingerprint":"681ec625379c3d9d"}
